00505,
00505,
00505,
00505,
00505,
00505,
00505,
00505,
00505,
00505,
00505,
00505,
00505,
00505,
00505,
00505,
00505,
00505,
00505,
00505,
00505,
00505,
00505,
00505,
00505,
00505,
00505,
00505,
00505,
00505,
00505,
00505,
00505,
00505,
00505,
00505,
00505,
00505,
00505,
00506,
00506,
00506,
00506,
00506,
00506,
00506,
00506,
00506,
00506,
00506,
00506,
00507,
00507,
00507,
00507,
00507,
00507,
00507,
00507,
00508,
00508,
00508,
00508,
00508,
00508,
00508,
00509,
00509,
00509,
00509,
00509,
00509,
00510,
00510,
00510,
00510,
00510,
00510,
00510,
00510,
00510,
00510,
00510,
00510,
00510,
00510,
00510,
00510,
00510,
00510,
00510,
00510,
00510,
00510,
00510,
00509,
00509,
00509,
00509,
00509,
00508,
00508,
00508,
00508,
00508,
00509,
00508,
00508,
00508,
00509,
00508,
00509,
00509,
00508,
00509,
00509,
00509,
00509,
00509,
00509,
00509,
00509,
00509,
00509,
00509,
00509,
00510,
00510,
00510,
00510,
00510,
00510,
00510,
00511,
00511,
00511,
00511,
00511,
00511,
00511,
00511,
00511,
00512,
00512,
00512,
00512,
00512,
00512,
00512,
00512,
00512,
00513,
00513,
00513,
00513,
00514,
00514,
00514,
00515,
00515,
00515,
00515,
00516,
00516,
00517,
00517,
00518,
00518,
00519,
00519,
00521,
00522,
00522,
00523,
00524,
00524,
00525,
00525,
00526,
00527,
00526,
00526,
00525,
00525,
00526,
00527,
00527,
00527,
00527,
00527,
00527,
00528,
00528,
00529,
00531,
00533,
00534,
00536,
00537,
00538,
00539,
00541,
00542,
00544,
00546,
00548,
00549,
00551,
00552,
00554,
00556,
00558,
00560,
00562,
00564,
00565,
00567,
00568,
00570,
00572,
00573,
00575,
00576,
00578,
00580,
00582,
00584,
00586,
00587,
00589,
00591,
00592,
00594,
00595,
00597,
00599,
00601,
00603,
00605,
00607,
00609,
00612,
00614,
00617,
00619,
00622,
00625,
00628,
00632,
00635,
00638,
00641,
00644,
00647,
00650,
00654,
00657,
00661,
00664,
00667,
00670,
00673,
00677,
00680,
00684,
00687,
00691,
00695,
00698,
00702,
00706,
00710,
00713,
00717,
00721,
00725,
00728,
00732,
00736,
00740,
00744,
00747,
00750,
00753,
00757,
00761,
00765,
00768,
00773,
00776,
00780,
00785,
00790,
00794,
00798,
00803,
00807,
00810,
00815,
00819,
00823,
00827,
00831,
00835,
00839,
00843,
00847,
00850,
00854,
00857,
00860,
00863,
00867,
00870,
00872,
00875,
00878,
00881,
00883,
00886,
00888,
00890,
00892,
00894,
00896,
00899,
00901,
00903,
00906,
00908,
00910,
00912,
00915,
00917,
00920,
00921,
00923,
00923,
00924,
00925,
00924,
00927,
00928,
00928,
00928,
00929,
00929,
00932,
00930,
00931,
00931,
00931,
00931,
00931,
00932,
00934,
00935,
00936,
00937,
00939,
00942,
00944,
00947,
00950,
00952,
00953,
00954,
00956,
00957,
00958,
00958,
00959,
00959,
00960,
00961,
00962,
00963,
00964,
00965,
00966,
00968,
00968,
00968,
00968,
00968,
00968,
00968,
00967,
00967,
00967,
00967,
00967,
00967,
00967,
00967,
00967,
00967,
00967,
00967,
00967,
00967,
00967,
00967,
00967,
00967,
00966,
00967,
00966,
00966,
00966,
00965,
00965,
00964,
00963,
00962,
00961,
00960,
00958,
00957,
00956,
00954,
00953,
00952,
00951,
00950,
00950,
00949,
00948,
00947,
00947,
00946,
00945,
00944,
00943,
00941,
00940,
00939,
00937,
00935,
00934,
00932,
00930,
00928,
00926,
00923,
00921,
00918,
00914,
00911,
00907,
00904,
00901,
00898,
00895,
00892,
00889,
00886,
00883,
00880,
00878,
00875,
00872,
00869,
00866,
00862,
00859,
00856,
00853,
00850,
00847,
00843,
00837,
00835,
00831,
00827,
00823,
00818,
00814,
00810,
00805,
00801,
00796,
00791,
00787,
00782,
00778,
00775,
00771,
00768,
00764,
00761,
00758,
00755,
00753,
00750,
00747,
00745,
00742,
00739,
00737,
00734,
00731,
00728,
00725,
00723,
00720,
00717,
00714,
00711,
00708,
00705,
00702,
00700,
00697,
00695,
00692,
00691,
00688,
00686,
00684,
00682,
00680,
00679,
00677,
00677,
00674,
00673,
00671,
00669,
00667,
00665,
00663,
00661,
00658,
00656,
00654,
00651,
00649,
00647,
00644,
00642,
00639,
00637,
00634,
00632,
00630,
00628,
00626,
00624,
00621,
00620,
00618,
00617,
00615,
00614,
00612,
00610,
00609,
00608,
00606,
00605,
00603,
00601,
00600,
00598,
00597,
00595,
00592,
00590,
00588,
00586,
00584,
00582,
00580,
00578,
00576,
00575,
00572,
00571,
00569,
00567,
00566,
00564,
00562,
00560,
00559,
00558,
00557,
00555,
00554,
00553,
00552,
00551,
00549,
00548,
00547,
00546,
00545,
00543,
00542,
00541,
00540,
00539,
00539,
00538,
00538,
00537,
00536,
00535,
00534,
00534,
00533,
00533,
00532,
00532,
00532,
00531,
00531,
00531,
00530,
00530,
00530,
00531,
00531,
00532,
00532,
00533,
00534,
00535,
00537,
00538,
00539,
00541,
00542,
00543,
00544,
00545,
00547,
00548,
00549,
00550,
00551,
00552,
00552,
00553,
00554,
00555,
00556,
00557,
00559,
00560,
00561,
00562,
00564,
00565,
00567,
00568,
00569,
00570,
00572,
00573,
00574,
00575,
00576,
00577,
00578,
00579,
00580,
00581,
00582,
00583,
00585,
00586,
00587,
00587,
00589,
00590,
00591,
00592,
00593,
00594,
00595,
00597,
00598,
00600,
00601,
00603,
00604,
00605,
00606,
00607,
00608,
00610,
00611,
00612,
00613,
00614,
00615,
00615,
00617,
00617,
00619,
00620,
00622,
00623,
00625,
00627,
00629,
00631,
00634,
00636,
00638,
00641,
00643,
00645,
00647,
00650,
00652,
00654,
00657,
00658,
00662,
00664,
00667,
00669,
00672,
00674,
00678,
00680,
00683,
00686,
00689,
00692,
00695,
00699,
00702,
00705,
00709,
00712,
00714,
00718,
00721,
00724,
00728,
00733,
00737,
00740,
00744,
00747,
00750,
00754,
00758,
00762,
00766,
00769,
00773,
00777,
00782,
00785,
00789,
00793,
00796,
00799,
00802,
00806,
00808,
00811,
00814,
00817,
00820,
00822,
00824,
00826,
00829,
00830,
00832,
00834,
00835,
00837,
00838,
00840,
00841,
00843,
00844,
00844,
00844,
00845,
00846,
00846,
00846,
00847,
00848,
00848,
00849,
00850,
00850,
00850,
00850,
00849,
00848,
00846,
00844,
00841,
00838,
00835,
00831,
00828,
00825,
00821,
00817,
00813,
00809,
00806,
00803,
00801,
00798,
00796,
00794,
00792,
00790,
00787,
00785,
00783,
00780,
00778,
00776,
00773,
00771,
00769,
00767,
00766,
00763,
00761,
00759,
00756,
00754,
00751,
00748,
00746,
00743,
00740,
00738,
00735,
00732,
00729,
00727,
00724,
00721,
00718,
00715,
00712,
00709,
00707,
00705,
00702,
00699,
00697,
00694,
00691,
00689,
00687,
00686,
00684,
00683,
00681,
00680,
00679,
00678,
00676,
00675,
00673,
00672,
00670,
00668,
00666,
00664,
00663,
00661,
00659,
00657,
00655,
00654,
00652,
00650,
00649,
00647,
00646,
00644,
00643,
00641,
00640,
00638,
00637,
00635,
00633,
00631,
00630,
00628,
00628,
00627,
00626,
00625,
00624,
00623,
00624,
00624,
00625,
00626,
00628,
00629,
00630,
00632,
00634,
00636,
00638,
00640,
00642,
00644,
00646,
00647,
00649,
00651,
00653,
00654,
00656,
00657,
00659,
00660,
00662,
00664,
00666,
00667,
00669,
00671,
00672,
00674,
00675,
00677,
00679,
00680,
00681,
00683,
00685,
00687,
00688,
00690,
00692,
00694,
00696,
00697,
00698,
00699,
00701,
00703,
00705,
00708,
00709,
00711,
00713,
00716,
00718,
00720,
00722,
00724,
00726,
00728,
00729,
00731,
00733,
00735,
00736,
00738,
00739,
00741,
00742,
00743,
00745,
00746,
00748,
00749,
00751,
00752,
00753,
00755,
00756,
00757,
00758,
00759,
00760,
00761,
00761,
00762,
00762,
00762,
00763,
00762,
00761,
00760,
00758,
00756,
00754,
00752,
00751,
00748,
00746,
00744,
00742,
00741,
00739,
00738,
00736,
00734,
00732,
00730,
00728,
00727,
00725,
00724,
00722,
00720,
00717,
00715,
00712,
00710,
00708,
00706,
00703,
00701,
00698,
00695,
00693,
00690,
00687,
00684,
00681,
00680,
00676,
00674,
00671,
00670,
00668,
00666,
00664,
00663,
00661,
00659,
00657,
00656,
00654,
00652,
00650,
00649,
00647,
00645,
00642,
