00142,
00142,
00142,
00142,
00142,
00142,
00142,
00142,
00142,
00142,
00142,
00142,
00142,
00142,
00142,
00142,
00142,
00142,
00142,
00142,
00142,
00142,
00142,
00142,
00142,
00142,
00142,
00142,
00142,
00142,
00142,
00142,
00142,
00142,
00142,
00143,
00143,
00143,
00143,
00143,
00143,
00143,
00143,
00143,
00143,
00143,
00143,
00143,
00143,
00143,
00143,
00143,
00144,
00144,
00144,
00144,
00144,
00144,
00144,
00144,
00144,
00144,
00144,
00144,
00144,
00144,
00144,
00143,
00143,
00143,
00143,
00143,
00143,
00143,
00143,
00143,
00143,
00142,
00142,
00142,
00142,
00142,
00142,
00142,
00142,
00142,
00142,
00141,
00141,
00141,
00141,
00141,
00141,
00141,
00141,
00141,
00141,
00141,
00141,
00141,
00140,
00140,
00140,
00140,
00140,
00141,
00141,
00141,
00141,
00140,
00140,
00140,
00140,
00140,
00140,
00140,
00140,
00139,
00139,
00139,
00138,
00139,
00139,
00138,
00138,
00138,
00138,
00138,
00138,
00137,
00137,
00137,
00137,
00136,
00136,
00136,
00136,
00136,
00136,
00136,
00136,
00136,
00136,
00136,
00136,
00136,
00136,
00136,
00136,
00136,
00136,
00136,
00136,
00136,
00136,
00136,
00136,
00136,
00136,
00136,
00136,
00136,
00136,
00136,
00136,
00136,
00136,
00136,
00136,
00136,
00136,
00136,
00136,
00136,
00136,
00136,
00137,
00137,
00138,
00138,
00138,
00138,
00139,
00140,
00140,
00140,
00141,
00142,
00142,
00143,
00144,
00145,
00145,
00146,
00147,
00147,
00148,
00149,
00150,
00150,
00151,
00151,
00152,
00152,
00153,
00153,
00153,
00153,
00154,
00155,
00156,
00156,
00156,
00157,
00158,
00159,
00159,
00159,
00159,
00160,
00161,
00161,
00162,
00163,
00163,
00163,
00163,
00164,
00164,
00165,
00166,
00167,
00167,
00167,
00168,
00168,
00169,
00170,
00171,
00172,
00173,
00174,
00176,
00177,
00178,
00179,
00179,
00180,
00181,
00182,
00183,
00184,
00184,
00186,
00186,
00187,
00188,
00188,
00189,
00190,
00191,
00192,
00192,
00193,
00194,
00195,
00196,
00197,
00198,
00199,
00199,
00200,
00201,
00202,
00203,
00205,
00206,
00207,
00209,
00211,
00213,
00215,
00217,
00218,
00219,
00219,
00221,
00222,
00223,
00226,
00227,
00228,
00229,
00229,
00230,
00231,
00234,
00236,
00237,
00240,
00241,
00244,
00246,
00249,
00252,
00254,
00255,
00256,
00259,
00262,
00263,
00266,
00267,
00270,
00270,
00271,
00271,
00273,
00274,
00274,
00274,
00276,
00276,
00277,
00279,
00279,
00282,
00284,
00287,
00291,
00292,
00295,
00298,
00302,
00305,
00310,
00313,
00316,
00318,
00322,
00323,
00325,
00329,
00330,
00332,
00334,
00336,
00340,
00341,
00345,
00347,
00349,
00351,
00355,
00357,
00361,
00365,
00367,
00369,
00373,
00375,
00377,
00380,
00382,
00386,
00388,
00393,
00397,
00402,
00407,
00411,
00416,
00421,
00426,
00431,
00436,
00439,
00441,
00441,
00449,
00455,
00463,
00468,
00477,
00483,
00489,
00495,
00501,
00504,
00510,
00517,
00520,
00527,
00533,
00537,
00544,
00547,
00554,
00558,
00565,
00569,
00572,
00580,
00584,
00592,
00596,
00603,
00603,
00608,
00608,
00612,
00612,
00624,
00620,
00628,
00637,
00646,
00650,
00655,
00664,
00668,
00678,
00682,
00687,
00692,
00692,
00697,
00702,
00702,
00712,
00717,
00717,
00722,
00728,
00733,
00744,
00749,
00749,
00755,
00760,
00766,
00771,
00777,
00783,
00783,
00807,
00795,
00795,
00801,
00807,
00813,
00819,
00826,
00832,
00838,
00845,
00845,
00851,
00858,
00865,
00872,
00872,
00879,
00886,
00893,
00900,
00907,
00914,
00914,
00922,
00922,
00922,
00929,
00937,
00937,
00944,
00952,
00960,
00968,
00976,
00984,
00993,
00993,
01001,
01009,
01027,
01036,
01054,
01054,
01063,
01072,
01082,
01091,
01111,
01121,
01131,
01141,
01141,
01141,
01151,
01162,
01173,
01173,
01194,
01194,
01206,
01217,
01228,
01240,
01252,
01264,
01264,
01276,
01288,
01288,
01301,
01301,
01288,
01288,
01276,
01288,
01301,
01314,
01326,
01326,
01340,
01340,
01353,
01366,
01380,
01394,
01380,
01380,
01366,
01366,
01353,
01340,
01314,
01252,
01264,
01228,
01206,
01162,
01111,
01063,
01027,
00984,
00952,
00922,
00907,
00886,
00872,
00858,
00845,
00832,
00819,
00807,
00795,
00783,
00766,
00755,
00749,
00738,
00728,
00722,
00717,
00707,
00702,
00697,
00692,
00682,
00678,
00673,
00673,
00668,
00659,
00655,
00646,
00637,
00628,
00624,
00616,
00603,
00596,
00588,
00580,
00572,
00565,
00558,
00551,
00544,
00537,
00530,
00520,
00510,
00504,
00498,
00489,
00486,
00480,
00474,
00466,
00460,
00452,
00446,
00441,
00436,
00431,
00423,
00418,
00414,
00409,
00407,
00404,
00400,
00395,
00391,
00386,
00382,
00380,
00375,
00373,
00369,
00365,
00361,
00357,
00355,
00351,
00347,
00343,
00340,
00338,
00334,
00330,
00329,
00325,
00325,
00322,
00320,
00318,
00316,
00316,
00313,
00311,
00310,
00306,
00303,
00300,
00298,
00297,
00294,
00292,
00291,
00287,
00286,
00284,
00283,
00282,
00282,
00282,
00280,
00280,
00280,
00279,
00279,
00279,
00277,
00276,
00274,
00274,
00271,
00273,
00271,
00271,
00270,
00269,
00267,
00266,
00264,
00264,
00263,
00262,
00260,
00259,
00259,
00259,
00258,
00256,
00256,
00256,
00255,
00254,
00252,
00251,
00250,
00249,
00247,
00246,
00245,
00244,
00242,
00240,
00239,
00237,
00237,
00236,
00236,
00235,
00234,
00233,
00233,
00233,
00233,
00233,
00231,
00231,
00231,
00231,
00231,
00233,
00234,
00236,
00237,
00237,
00239,
00240,
00241,
00242,
00242,
00242,
00241,
00241,
00241,
00242,
00244,
00245,
00247,
00249,
00251,
00252,
00254,
00256,
00258,
00259,
00260,
00263,
00264,
00266,
00266,
00267,
00267,
00267,
00269,
00270,
00271,
00273,
00274,
00276,
00277,
00280,
00282,
00284,
00286,
00287,
00291,
00292,
00294,
00295,
00297,
00300,
00303,
00306,
00310,
00313,
00316,
00318,
00322,
00325,
00327,
00329,
00330,
00332,
00334,
00338,
00341,
00345,
00349,
00353,
00355,
00357,
00361,
00363,
00367,
00371,
00375,
00377,
00380,
00384,
00386,
00388,
00393,
00397,
00402,
00404,
00407,
00409,
00414,
00416,
00418,
00423,
00426,
00428,
00431,
00433,
00433,
00436,
00439,
00444,
00444,
00444,
00446,
00449,
00452,
00455,
00460,
00463,
00466,
00468,
00468,
00471,
00474,
00477,
00480,
00483,
00486,
00489,
00492,
00495,
00495,
00498,
00501,
00507,
00510,
00517,
00520,
00523,
00527,
00530,
00533,
00537,
00540,
00540,
00544,
00547,
00551,
00554,
00554,
00561,
00565,
00569,
00569,
00569,
00565,
00561,
00561,
00558,
00558,
00554,
00547,
00544,
00540,
00540,
00537,
00533,
00530,
00527,
00520,
00517,
00514,
00510,
00507,
00504,
00498,
00495,
00489,
00486,
00483,
00480,
00477,
00471,
00471,
00468,
00466,
00463,
00460,
00457,
00455,
00455,
00452,
00452,
00452,
00449,
00446,
00444,
00441,
00439,
00439,
00436,
00436,
00436,
00433,
00431,
00428,
00426,
00423,
00421,
00418,
00418,
00416,
00416,
00414,
00411,
00409,
00409,
00409,
00409,
00407,
00404,
00402,
00400,
00400,
00397,
00395,
00393,
00391,
00388,
00384,
00382,
00380,
00377,
00373,
00371,
00369,
00369,
00365,
00363,
00363,
00361,
00359,
00357,
00357,
00355,
00355,
00355,
00355,
00353,
00353,
00353,
00353,
00355,
00355,
00357,
00357,
00357,
00355,
00353,
00353,
00355,
00357,
00357,
00359,
00359,
00361,
00361,
00363,
00363,
00367,
00369,
00371,
00373,
00377,
00382,
00384,
00388,
00391,
00391,
00393,
00395,
00400,
00400,
00400,
00402,
00402,
00402,
00404,
00404,
00407,
00409,
00411,
00414,
00418,
00421,
00423,
00428,
00431,
00436,
00439,
00441,
00444,
00446,
00449,
00452,
00455,
00457,
00457,
00460,
00463,
00468,
00471,
00477,
00480,
00483,