00000,
00000,
00000,
00000,
00000,
00000,
00001,
00000,
00000,
00000,
00000,
00000,
00000,
00000,
00000,
00000,
00000,
00000,
00000,
00000,
00000,
00000,
00000,
00000,
00000,
00000,
00004,
00000,
00000,
00000,
00000,
00000,
00000,
00000,
00000,
00000,
00000,
00000,
00000,
00000,
00000,
00000,
00000,
00000,
00000,
00000,
00000,
00000,
00000,
00000,
00000,
00000,
00000,
00000,
00000,
00000,
00000,
00000,
00000,
00000,
00000,
00000,
00000,
00000,
00000,
00000,
00000,
00000,
00000,
00000,
00000,
00000,
00000,
00000,
00000,
00000,
00000,
00000,
00000,
00000,
00000,
00000,
00000,
00000,
00000,
00000,
00000,
00000,
00000,
00000,
00000,
00000,
00000,
00000,
00000,
00000,
00000,
00000,
00000,
00000,
00000,
00000,
00000,
00000,
00000,
00000,
00003,
00006,
00010,
00012,
00016,
00018,
00025,
00027,
00032,
00038,
00040,
00043,
00045,
00052,
00054,
00055,
00058,
00064,
00068,
00075,
00082,
00087,
00093,
00096,
00098,
00108,
00116,
00123,
00128,
00134,
00140,
00146,
00150,
00152,
00158,
00165,
00168,
00173,
00179,
00185,
00197,
00205,
00213,
00215,
00216,
00218,
00224,
00227,
00231,
00233,
00233,
00233,
00236,
00240,
00243,
00246,
00246,
00247,
00249,
00257,
00261,
00268,
00277,
00281,
00286,
00296,
00304,
00314,
00324,
00332,
00341,
00348,
00353,
00358,
00361,
00366,
00369,
00373,
00376,
00379,
00380,
00383,
00387,
00391,
00393,
00398,
00402,
00406,
00410,
00417,
00422,
00425,
00432,
00440,
00450,
00460,
00467,
00478,
00483,
00488,
00495,
00505,
00514,
00519,
00524,
00531,
00539,
00545,
00550,
00555,
00561,
00565,
00570,
00576,
00579,
00582,
00585,
00587,
00587,
00587,
00587,
00587,
00587,
00587,
00587,
00587,
00587,
00587,
00587,
00587,
00587,
00587,
00587,
00587,
00587,
00587,
00587,
00587,
00587,
00587,
00587,
00587,
00587,
00588,
00593,
00608,
00629,
00648,
00662,
00671,
00685,
00690,
00704,
00717,
00726,
00733,
00741,
00745,
00749,
00753,
00760,
00768,
00778,
00784,
00790,
00795,
00798,
00805,
00812,
00821,
00834,
00843,
00853,
00860,
00868,
00879,
00891,
00902,
00915,
00925,
00935,
00943,
00951,
00957,
00962,
00968,
00974,
00980,
00987,
00992,
00999,
01005,
01010,
01014,
01018,
01021,
01022,
01023,
01023,
01023,
01023,
01023,
01023,
01023,
01023,
01023,
01023,
01023,
01023,
01023,
01023,
01023,
01023,
01023,
01023,
01023,
01023,
01023,
01023,
01023,
01023,
01023,
01023,
01023,
01023,
01023,
01023,
01023,
01023,
01023,
01023,
01023,
01023,
01023,
01023,
01023,
01023,
01023,
01023,
01023,
01023,
01023,
01023,
01023,
01023,
01023,
01023,
01023,
01023,
01023,
01023,
01023,
01023,
01023,
01023,
01023,
01023,
01023,
01023,
01023,
01023,
01023,
01023,
01023,
01023,
01023,
01023,
01023,
01023,
01023,
01023,
01023,
01023,
01022,
01023,
01023,
01023,
01023,
01023,
01023,
01023,
01023,
01023,
01023,
01023,
01023,
01023,
01023,
01023,
01023,
01023,
01023,
01021,
01018,
01016,
01013,
01008,
00998,
00991,
00987,
00985,
00982,
00979,
00971,
00960,
00952,
00946,
00940,
00933,
00925,
00914,
00905,
00900,
00894,
00892,
00890,
00887,
00880,
00875,
00871,
00868,
00863,
00860,
00856,
00846,
00840,
00829,
00821,
00815,
00809,
00804,
00796,
00790,
00784,
00782,
00780,
00778,
00774,
00770,
00762,
00755,
00755,
00755,
00755,
00755,
00755,
00755,
00755,
00755,
00755,
00755,
00755,
00755,
00755,
00755,
00755,
00755,
00755,
00753,
00748,
00739,
00733,
00727,
00722,
00716,
00713,
00705,
00696,
00687,
00673,
00659,
00646,
00638,
00628,
00621,
00610,
00595,
00576,
00560,
00544,
00531,
00517,
00509,
00503,
00496,
00489,
00480,
00471,
00457,
00440,
00424,
00410,
00404,
00403,
00401,
00396,
00386,
00375,
00368,
00357,
00353,
00352,
00346,
00340,
00332,
00321,
00316,
00306,
00304,
00301,
00299,
00294,
00289,
00282,
00278,
00275,
00266,
00257,
00254,
00244,
00238,
00230,
00224,
00219,
00214,
00214,
00211,
00205,
00200,
00193,
00181,
00172,
00161,
00154,
00144,
00140,
00126,
00115,
00106,
00092,
00088,
00083,
00081,
00079,
00076,
00069,
00058,
00050,
00044,
00039,
00040,
00038,
00033,
00026,
00022,
00009,
00005,
00003,
00000,
00000,
00000,
00000,
00000,
00000,
00000,
00000,
00000,
00000,
00000,
00000,
00000,
00000,
00000,
00000,
00000,
00000,
00000,
00000,
00000,
00000,
00000,
00000,
00000,
00000,
00000,
00000,
00000,
00000,
00000,
00000,
00000,
00000,
00000,
00000,
00000,
00000,
00000,
00000,
00000,
00000,
00000,
00000,
00000,
00000,
00000,
00000,
00000,
00000,
00000,
00000,
00000,
00000,
00000,
00000,
00000,
00000,
00000,
00000,
00000,
00000,
00000,
00000,
00000,
00000,
00000,
00000,
00000,
00000,
00000,
00000,
00000,
00000,
00000,
00000,
00000,
00000,
00000,
00000,
00000,
00000,
00000,
00000,
00000,
00000,
00000,
00000,
00000,
00000,
00000,
00000,
00000,
00000,
00000,
00000,
00000,
00000,
00000,
00000,
00000,
00000,
00000,
00000,
00000,
00000,
00000,
00000,
00000,
00002,
00005,
00005,
00005,
00006,
00011,
00015,
00018,
00027,
00033,
00041,
00046,
00053,
00063,
00067,
00075,
00086,
00096,
00109,
00122,
00124,
00130,
00135,
00142,
00151,
00158,
00166,
00171,
00175,
00180,
00185,
00195,
00203,
00212,
00222,
00228,
00237,
00241,
00252,
00265,
00281,
00287,
00295,
00298,
00300,
00305,
00315,
00326,
00330,
00334,
00339,
00345,
00352,
00356,
00363,
00370,
00374,
00376,
00382,
00391,
00405,
00417,
00424,
00433,
00441,
00450,
00462,
00469,
00482,
00491,
00501,
00510,
00513,
00520,
00532,
00542,
00546,
00550,
00552,
00557,
00563,
00568,
00574,
00577,
00578,
00579,
00581,
00585,
00587,
00592,
00596,
00600,
00604,
00607,
00611,
00616,
00620,
00622,
00623,
00627,
00631,
00634,
00636,
00640,
00643,
00644,
00646,
00651,
00657,
00661,
00664,
00667,
00670,
00671,
00673,
00675,
00677,
00680,
00686,
00689,
00692,
00694,
00697,
00701,
00709,
00713,
00716,
00717,
00717,
00718,
00721,
00724,
00726,
00732,
00733,
00734,
00735,
00737,
00742,
00745,
00750,
00754,
00757,
00761,
00762,
00764,
00766,
00770,
00775,
00777,
00780,
00782,
00784,
00788,
00792,
00797,
00800,
00804,
00808,
00812,
00814,
00815,
00816,
00816,
00821,
00829,
00836,
00839,
00840,
00840,
00840,
00840,
00840,
00840,
00840,
00844,
00848,
00854,
00855,
00854,
00858,
00860,
00862,
00863,
00864,
00867,
00868,
00869,
00870,
00873,
00875,
00880,
00885,
00887,
00893,
00895,
00897,
00899,
00899,
00899,
00902,
00907,
00910,
00911,
00910,
00911,
00916,
00918,
00919,
00920,
00920,
00920,
00920,
00921,
00923,
00927,
00935,
00938,
00939,
00941,
00941,
00941,
00941,
00942,
00942,
00943,
00944,
00945,
00946,
00947,
00950,
00953,
00955,
00957,
00959,
00961,
00962,
00964,
00968,
00972,
00975,
00977,
00979,
00981,
00983,
00986,
00989,
00991,
00995,
00998,
01002,
01003,
01003,
01004,
01004,
01004,
01004,
01004,
01004,
01003,
01003,
01004,
01004,
01004,
01004,
01004,
01004,
01004,
01004,
01004,
01004,
01004,
01003,
01004,
01004,
01004,
01004,
01004,
01004,
01003,
01004,
01004,
01004,
01003,
01005,
01008,
01014,
01017,
01019,
01021,
01023,
01023,
01023,
01023,
01023,
01023,
01023,
01023,
01023,
01023,
01023,
01023,
01023,
01023,
01023,
01023,
01023,
01023,
01023,
01023,
01023,
01023,
01023,
01023,
01023,
01023,
01023,
01023,
01023,
01023,
01023,
01023,
01023,
01023,
01023,
01023,
01023,
01023,
01023,
01023,
01023,
01023,
01023,
01023,
01023,
01023,
01023,
01023,
01023,
01023,
01023,
01023,
01023,
01023,
01023,
01023,
01023,
01021,
01019,
01017,
01014,
01011,
01005,
00997,
00986,
00978,
00968,
00961,
00955,
00950,
00943,
00935,
00931,
00920,
00916,
00913,
00912,
00905,
00898,
00890,
00886,
00883,
00882,
00880,
00877,
00870,
00862,
00853,
00844,
00841,
00841,
00837,
00832,
00821

