00104,
00119,
00102,
00102,
00102,
00103,
00101,
00101,
00120,
00102,
00102,
00103,
00102,
00101,
00102,
00103,
00102,
00098,
00099,
00098,
00104,
00120,
00103,
00103,
00102,
00103,
00102,
00098,
00118,
00102,
00103,
00102,
00103,
00101,
00120,
00101,
00106,
00106,
00106,
00105,
00105,
00129,
00110,
00110,
00110,
00109,
00111,
00129,
00110,
00111,
00110,
00110,
00110,
00110,
00127,
00114,
00114,
00114,
00113,
00114,
00131,
00114,
00119,
00118,
00118,
00118,
00117,
00118,
00118,
00118,
00122,
00121,
00121,
00120,
00124,
00122,
00122,
00127,
00125,
00129,
00148,
00126,
00126,
00126,
00130,
00129,
00131,
00130,
00130,
00130,
00130,
00130,
00129,
00130,
00130,
00130,
00134,
00133,
00133,
00134,
00138,
00138,
00138,
00138,
00137,
00138,
00155,
00138,
00139,
00138,
00143,
00142,
00145,
00161,
00143,
00143,
00143,
00149,
00146,
00148,
00147,
00147,
00147,
00147,
00151,
00150,
00151,
00151,
00151,
00155,
00155,
00156,
00173,
00155,
00155,
00155,
00159,
00159,
00159,
00177,
00159,
00159,
00159,
00163,
00163,
00163,
00167,
00167,
00167,
00166,
00167,
00166,
00185,
00171,
00171,
00171,
00171,
00171,
00170,
00188,
00175,
00176,
00176,
00176,
00175,
00196,
00179,
00179,
00178,
00179,
00178,
00177,
00202,
00182,
00183,
00182,
00188,
00185,
00203,
00185,
00186,
00191,
00190,
00191,
00189,
00208,
00195,
00194,
00195,
00194,
00195,
00215,
00199,
00204,
00202,
00203,
00201,
00201,
00220,
00202,
00208,
00207,
00207,
00210,
00209,
00211,
00211,
00215,
00214,
00215,
00213,
00233,
00219,
00219,
00219,
00218,
00218,
00239,
00222,
00223,
00223,
00223,
00226,
00225,
00244,
00226,
00231,
00231,
00230,
00230,
00230,
00235,
00234,
00235,
00234,
00234,
00238,
00255,
00239,
00238,
00239,
00242,
00242,
00246,
00264,
00249,
00248,
00246,
00249,
00249,
00267,
00250,
00255,
00254,
00253,
00253,
00252,
00258,
00258,
00258,
00258,
00257,
00262,
00278,
00262,
00262,
00262,
00265,
00265,
00265,
00284,
00267,
00266,
00267,
00270,
00269,
00271,
00270,
00273,
00274,
00274,
00277,
00276,
00278,
00278,
00277,
00281,
00282,
00281,
00278,
00286,
00285,
00285,
00285,
00285,
00290,
00307,
00289,
00291,
00289,
00293,
00292,
00294,
00293,
00294,
00297,
00297,
00296,
00296,
00301,
00301,
00300,
00301,
00302,
00305,
00302,
00305,
00304,
00306,
00308,
00308,
00313,
00329,
00312,
00312,
00312,
00315,
00315,
00321,
00320,
00320,
00323,
00323,
00324,
00322,
00324,
00328,
00328,
00332,
00331,
00334,
00330,
00350,
00332,
00331,
00332,
00331,
00332,
00349,
00333,
00332,
00331,
00332,
00331,
00332,
00356,
00332,
00332,
00331,
00332,
00331,
00349,
00328,
00328,
00329,
00330,
00324,
00324,
00341,
00320,
00319,
00316,
00315,
00316,
00325,
00308,
00305,
00305,
00301,
00300,
00300,
00312,
00294,
00289,
00289,
00286,
00284,
00302,
00281,
00282,
00274,
00274,
00271,
00269,
00288,
00266,
00266,
00263,
00261,
00261,
00275,
00258,
00254,
00254,
00251,
00249,
00248,
00264,
00246,
00243,
00242,
00239,
00237,
00236,
00234,
00235,
00231,
00230,
00230,
00225,
00244,
00224,
00223,
00220,
00218,
00218,
00216,
00219,
00215,
00216,
00212,
00210,
00211,
00225,
00206,
00203,
00202,
00202,
00202,
00201,
00242,
00198,
00195,
00194,
00194,
00190,
00208,
00191,
00190,
00187,
00188,
00186,
00186,
00204,
00183,
00182,
00184,
00182,
00184,
00196,
00179,
00181,
00178,
00178,
00174,
00174,
00193,
00175,
00171,
00171,
00171,
00172,
00169,
00167,
00167,
00167,
00166,
00166,
00162,
00180,
00163,
00163,
00163,
00158,
00158,
00158,
00159,
00159,
00159,
00159,
00159,
00159,
00156,
00156,
00155,
00155,
00155,
00154,
00154,
00155,
00155,
00155,
00155,
00154,
00150,
00168,
00151,
00151,
00151,
00151,
00150,
00147,
00166,
00147,
00147,
00147,
00147,
00146,
00148,
00147,
00148,
00147,
00147,
00147,
00146,
00143,
00143,
00143,
00143,
00143,
00144,
00204,
00143,
00143,
00143,
00147,
00146,
00145,
00162,
00142,
00143,
00143,
00143,
00142,
00144,
00144,
00143,
00138,
00138,
00144,
00142,
00143,
00138,
00138,
00138,
00138,
00140,
00137,
00156,
00138,
00139,
00138,
00137,
00138,
00155,
00138,
00138,
00141,
00140,
00137,
00139,
00156,
00138,
00138,
00139,
00139,
00137,
00155,
00135,
00138,
00138,
00140,
00138,
00137,
00157,
00138,
00138,
00139,
00138,
00138,
00155,
00138,
00138,
00138,
00138,
00137,
00137,
00161,
00143,
00143,
00143,
00144,
00142,
00142,
00143,
00143,
00144,
00143,
00143,
00142,
00160,
00149,
00147,
00147,
00147,
00146,
00145,
00165,
00153,
00151,
00151,
00152,
00150,
00169,
00151,
00156,
00155,
00155,
00155,
00153,
00174,
00155,
00159,
00159,
00159,
00158,
00176,
00161,
00163,
00163,
00162,
00163,
00162,
00180,
00167,
00167,
00167,
00166,
00166,
00189,
00171,
00172,
00171,
00170,
00174,
00174,
00192,
00175,
00175,
00175,
00175,
00178,
00195,
00179,
00179,
00179,
00182,
00182,
00181,
00202,
00187,
00187,
00186,
00186,
00186,
00203,
00186,
00192,
00191,
00190,
00194,
00193,
00195,
00194,
00195,
00199,
00198,
00198,
00197,
00203,
00202,
00202,
00202,
00202,
00206,
00224,
00212,
00211,
00212,
00211,
00210,
00216,
00215,
00215,
00215,
00215,
00220,
00218,
00223,
00222,
00223,
00223,
00223,
00226,
00228,
00231,
00230,
00230,
00234,
00234,
00239,
00255,
00239,
00238,
00238,
00246,
00245,
00247,
00264,
00247,
00250,
00250,
00254,
00253,
00258,
00258,
00258,
00262,
00263,
00266,
00264,
00266,
00266,
00267,
00270,
00270,
00274,
00293,
00274,
00278,
00280,
00278,
00277,
00284,
00299,
00281,
00285,
00285,
00286,
00284,
00286,
00289,
00289,
00293,
00293,
00293,
00292,
00310,
00297,
00297,
00301,
00300,
00301,
00299,
00320,
00304,
00304,
00309,
00308,
00309,
00326,
00308,
00308,
00308,
00313,
00311,
00311,
00312,
00312,
00316,
00316,
00317,
00314,
00333,
00316,
00316,
00320,
00319,
00318,
00314,
00335,
00316,
00317,
00313,
00312,
00311,
00325,
00309,
00305,
00304,
00301,
00300,
00299,
00312,
00293,
00286,
00285,
00282,
00280,
00299,
00276,
00274,
00267,
00265,
00265,
00257,
00275,
00250,
00250,
00243,
00242,
00243,
00253,
00234,
00227,
00227,
00223,
00222,
00223,
00233,
00215,
00212,
00211,
00213,
00201,
00201,
00198,
00198,
00195,
00194,
00196,
00190,
00210,
00188,
00187,
00183,
00182,
00183,
00178,
00178,
00179,
00178,
00178,
00174,
00173,
00192,
00173,
00171,
00171,
00171,
00172,
00169,
00186,
00167,
00167,
00166,
00166,
00162,
00181,
00165,
00163,
00163,
00163,
00165,
00158,
00177,
00163,
00163,
00163,
00159,
00158,
00176,
00159,
00159,
00159,
00159,
00154,
00155,
00155,
00155,
00155,
00155,
00154,
00154,
00153,
00156,
00156,
00155,
00155,
00154,
00154,
00172,
00159,
00161,
00159,
00160,
00158,
00159,
00159,
00159,
00159,
00159,
00159,
00158,
00159,
00161,
00161,
00159,
00159,
00158,
00159,
00159,
00159,
00160,
00159,
00159,
00160,
00176,
00160,
00159,
00159,
00159,
00158,
00159,
00176,
00159,
00159,
00159,
00159,
00158,
00159,
00160,
00159,
00159,
00159,
00160,
00159,
00159,
00159,
00159,
00159,
00159,
00160,
00176,
00159,
00163,
00163,
00163,
00162,
00163,
00180,
00163,
00163,
00163,
00164,
00163,
00163,
00163,
00163,
00163,
00162,
00164,
00162,
00182,
00163,
00163,
00164,
00163,
00163,
00161,
00180,
00163,
00163,
00164,
00162,
00163,
00180,
00163,
00163,
00163,
00163,
00162,
00161,
00193,
00163,
00163,
00164,
00163,
00162,
00180,
00161,
00163,
00167,
00167,
00167,
00166,
00185,
00167,
00167,
00163,
00162,
00163,
00180,
00163,
00163,
00163,
00163,
00162,
00161,
00180,
00163,
00163,
00162,
00163,
00162,
00161,
00163,
00163,
00163,
00165,
00162,
00164,
00183,
00163,
00163,
00164,
00162,
00162,
00180,
00165,