00055,
00055,
00055,
00055,
00055,
00055,
00056,
00054,
00055,
00055,
00055,
00054,
00054,
00055,
00056,
00057,
00057,
00055,
00055,
00055,
00047,
00055,
00055,
00055,
00055,
00056,
00053,
00053,
00053,
00054,
00055,
00055,
00055,
00054,
00055,
00055,
00054,
00055,
00052,
00053,
00052,
00054,
00055,
00054,
00055,
00055,
00047,
00054,
00055,
00055,
00055,
00055,
00053,
00045,
00053,
00052,
00053,
00052,
00053,
00053,
00053,
00053,
00053,
00053,
00051,
00051,
00044,
00052,
00053,
00050,
00050,
00052,
00046,
00053,
00050,
00051,
00050,
00051,
00050,
00044,
00051,
00049,
00049,
00049,
00050,
00049,
00047,
00047,
00047,
00048,
00047,
00048,
00042,
00047,
00047,
00047,
00047,
00047,
00042,
00047,
00046,
00046,
00046,
00045,
00046,
00040,
00046,
00044,
00045,
00044,
00044,
00045,
00044,
00044,
00043,
00043,
00043,
00043,
00038,
00042,
00042,
00041,
00042,
00042,
00042,
00042,
00040,
00040,
00040,
00041,
00041,
00035,
00040,
00039,
00039,
00039,
00039,
00039,
00026,
00038,
00037,
00038,
00038,
00037,
00033,
00037,
00037,
00036,
00036,
00036,
00036,
00032,
00036,
00036,
00036,
00035,
00035,
00032,
00035,
00034,
00034,
00034,
00034,
00035,
00030,
00033,
00033,
00034,
00034,
00033,
00030,
00032,
00033,
00033,
00033,
00033,
00032,
00029,
00032,
00032,
00032,
00031,
00031,
00029,
00031,
00030,
00031,
00031,
00031,
00031,
00030,
00030,
00030,
00029,
00029,
00029,
00030,
00029,
00029,
00029,
00029,
00029,
00028,
00026,
00028,
00028,
00028,
00027,
00027,
00027,
00027,
00027,
00027,
00027,
00027,
00027,
00026,
00026,
00026,
00026,
00026,
00026,
00026,
00025,
00025,
00025,
00025,
00025,
00025,
00023,
00025,
00024,
00025,
00024,
00024,
00024,
00024,
00024,
00024,
00024,
00024,
00024,
00023,
00023,
00023,
00023,
00023,
00022,
00023,
00022,
00022,
00022,
00022,
00022,
00021,
00020,
00021,
00021,
00021,
00021,
00021,
00021,
00021,
00021,
00021,
00021,
00020,
00021,
00020,
00020,
00020,
00020,
00020,
00020,
00020,
00019,
00020,
00020,
00020,
00020,
00019,
00018,
00019,
00019,
00019,
00019,
00019,
00019,
00018,
00019,
00019,
00019,
00018,
00018,
00017,
00018,
00018,
00018,
00018,
00018,
00018,
00017,
00018,
00018,
00017,
00017,
00017,
00017,
00017,
00017,
00017,
00017,
00017,
00017,
00016,
00017,
00017,
00017,
00017,
00017,
00016,
00016,
00016,
00016,
00016,
00016,
00016,
00015,
00016,
00016,
00016,
00016,
00016,
00015,
00016,
00016,
00016,
00015,
00016,
00015,
00015,
00015,
00015,
00015,
00015,
00015,
00014,
00015,
00015,
00015,
00015,
00015,
00015,
00014,
00015,
00015,
00014,
00014,
00014,
00014,
00014,
00014,
00014,
00014,
00014,
00014,
00014,
00014,
00014,
00014,
00014,
00014,
00013,
00014,
00014,
00013,
00014,
00013,
00013,
00013,
00013,
00013,
00013,
00013,
00013,
00012,
00013,
00013,
00013,
00013,
00013,
00013,
00013,
00013,
00013,
00013,
00013,
00013,
00012,
00012,
00012,
00012,
00012,
00012,
00012,
00012,
00012,
00012,
00012,
00012,
00012,
00012,
00012,
00012,
00012,
00012,
00012,
00012,
00012,
00012,
00012,
00012,
00012,
00012,
00011,
00012,
00012,
00012,
00012,
00012,
00011,
00012,
00011,
00011,
00011,
00011,
00011,
00011,
00011,
00011,
00011,
00011,
00011,
00011,
00011,
00011,
00011,
00011,
00011,
00011,
00011,
00011,
00011,
00011,
00011,
00011,
00010,
00011,
00011,
00011,
00011,
00011,
00011,
00011,
00011,
00011,
00011,
00011,
00011,
00010,
00011,
00011,
00011,
00011,
00011,
00010,
00011,
00011,
00010,
00010,
00010,
00010,
00010,
00010,
00010,
00010,
00010,
00010,
00010,
00010,
00010,
00010,
00010,
00010,
00010,
00010,
00010,
00010,
00010,
00010,
00010,
00010,
00010,
00010,
00010,
00010,
00010,
00010,
00010,
00010,
00010,
00010,
00010,
00010,
00010,
00010,
00010,
00010,
00010,
00010,
00010,
00010,
00010,
00010,
00010,
00010,
00010,
00010,
00010,
00010,
00010,
00010,
00010,
00010,
00010,
00010,
00010,
00010,
00010,
00010,
00010,
00010,
00010,
00010,
00010,
00010,
00010,
00010,
00010,
00010,
00010,
00011,
00011,
00011,
00011,
00011,
00011,
00011,
00011,
00011,
00011,
00012,
00012,
00012,
00012,
00013,
00013,
00013,
00013,
00013,
00013,
00013,
00014,
00014,
00014,
00014,
00014,
00015,
00015,
00015,
00015,
00015,
00016,
00016,
00016,
00015,
00016,
00017,
00016,
00017,
00017,
00018,
00018,
00018,
00018,
00018,
00018,
00019,
00019,
00019,
00019,
00019,
00019,
00020,
00020,
00020,
00020,
00020,
00021,
00021,
00021,
00019,
00021,
00021,
00021,
00021,
00022,
00021,
00022,
00022,
00022,
00022,
00022,
00023,
00021,
00022,
00022,
00023,
00023,
00023,
00023,
00021,
00023,
00023,
00023,
00023,
00023,
00022,
00024,
00024,
00024,
00024,
00024,
00024,
00024,
00024,
00024,
00024,
00024,
00024,
00022,
00024,
00024,
00024,
00025,
00024,
00025,
00023,
00025,
00025,
00025,
00025,
00025,
00024,
00026,
00025,
00025,
00026,
00026,
00026,
00024,
00026,
00026,
00026,
00026,
00026,
00024,
00026,
00026,
00027,
00027,
00027,
00027,
00025,
00027,
00027,
00027,
00027,
00027,
00025,
00027,
00027,
00027,
00027,
00027,
00028,
00026,
00028,
00028,
00028,
00028,
00029,
00026,
00028,
00029,
00029,
00029,
00029,
00029,
00026,
00029,
00029,
00029,
00029,
00029,
00027,
00030,
00030,
00030,
00030,
00030,
00030,
00027,
00030,
00030,
00031,
00031,
00031,
00031,
00030,
00030,
00030,
00031,
00031,
00031,
00028,
00030,
00031,
00031,
00030,
00030,
00030,
00030,
00030,
00030,
00030,
00029,
00029,
00029,
00029,
00028,
00029,
00029,
00028,
00028,
00028,
00028,
00028,
00027,
00027,
00027,
00025,
00027,
00027,
00027,
00027,
00027,
00026,
00022,
00026,
00026,
00026,
00026,
00026,
00025,
00025,
00025,
00025,
00025,
00025,
00025,
00024,
00024,
00024,
00025,
00025,
00024,
00022,
00024,
00023,
00024,
00023,
00024,
00023,
00022,
00023,
00023,
00023,
00022,
00023,
00022,
00023,
00022,
00022,
00022,
00022,
00022,
00022,
00022,
00022,
00021,
00022,
00021,
00020,
00021,
00021,
00021,
00021,
00021,
00020,
00019,
00020,
00020,
00020,
00020,
00020,
00020,
00020,
00020,
00019,
00019,
00019,
00019,
00018,
00019,
00019,
00019,
00019,
00018,
00017,
00018,
00018,
00018,
00018,
00018,
00018,
00017,
00018,
00017,
00017,
00017,
00017,
00017,
00017,
00017,
00017,
00017,
00017,
00017,
00016,
00016,
00016,
00016,
00016,
00016,
00015,
00016,
00016,
00016,
00016,
00016,
00016,
00015,
00016,
00016,
00016,
00016,
00016,
00016,
00015,
00015,
00015,
00015,
00015,
00015,
00015,
00015,
00015,
00015,
00015,
00015,
00014,
00015,
00015,
00015,
00015,
00015,
00015,
00014,
00015,
00015,
00015,
00015,
00015,
00014,
00015,
00015,
00015,
00015,
00015,
00014,
00014,
00014,
00014,
00014,
00014,
00014,
00013,
00014,
00014,
00014,
00014,
00014,
00014,
00014,
00014,
00014,
00014,
00014,
00014,
00013,
00014,
00014,
00014,
00014,
00014,
00014,
00013,
00013,
00014,
00013,
00014,
00014,
00013,
00013,
00013,
00013,
00013,
00013,
00013,
00013,
00013,
00013,
00013,
00013,
00013,
00013,
00013,
00013,
00013,
00013,
00013,
00013,
00013,
00013,
00013,
00013,
00013,
00013,
00012,
00013,
00013,
00013,
00013,
00013,
00013,
00013,
00013,
00013,
00013,
00013,
00014,
00013,
00014,
00014,
00014,
00014,
00014,
00013,
00014,
00014,
00014,
00014,
00014,
00014,
00014,
00014,
00015,
00015,
00015,
00015,
00014,
00015,
00015,
00015,
00015,
00015,
00015,
00014,
00015,
00015,
00015,
00015,
00015,
00015,
00015,
00015,
00015,
00016,
00016,
00016,
00016,
00016,
00016,
00016,
00016,
00016,
00015,
00016,
00016,
00016,
00016,
00016,
00016,
00016,
00017,
00017,
00017,
00017,
00017,
00016,
00017,
00017,
00017,
00017,
00017,
00017,
00017,
00017,
00017,
00017,
00017,
00017,
00016,
00017,
00017,
00017,
00017,
00017,
00017,
00017,
00017,
00017,
00017,
00017,
00017,
00017,
00017,
00017,
00017,
00017,
00017,
00017,
00017,
00017,
00017,
00017,
00017,
00017,
00017,
00017,
00017,
00017,
00017,
00017,
00017,
00017,
00017,
00017,
00017,
00017,
00017,
00017,
00017,
00017,
00017,
00017,
00017,
00018,
00017,
00017,
00017,
00017,
00017,
00017,
00016,
00017,
00017,
00017,
00017,
00017,
00017,
00017,
00017,
00017,
00017,
00017,
00018,
00017,
00017,
00017,
00017,
00017,
00017,
00018,
00017,
00017,
00017,
00017,
00017,
00017,
00016,
00017,
00017