00048,
00048,
00048,
00051,
00048,
00048,
00048,
00048,
00048,
00051,
00048,
00048,
00048,
00048,
00048,
00051,
00048,
00048,
00048,
00048,
00048,
00051,
00048,
00048,
00048,
00048,
00048,
00051,
00048,
00048,
00048,
00048,
00048,
00052,
00048,
00048,
00048,
00048,
00048,
00048,
00048,
00048,
00048,
00048,
00048,
00051,
00048,
00048,
00048,
00048,
00048,
00048,
00051,
00048,
00048,
00048,
00048,
00048,
00048,
00048,
00048,
00048,
00048,
00048,
00048,
00047,
00047,
00049,
00048,
00047,
00048,
00048,
00051,
00048,
00048,
00048,
00048,
00048,
00047,
00053,
00048,
00048,
00048,
00048,
00048,
00051,
00048,
00048,
00048,
00048,
00047,
00052,
00048,
00048,
00048,
00048,
00048,
00048,
00051,
00048,
00048,
00048,
00048,
00048,
00051,
00048,
00048,
00048,
00048,
00048,
00048,
00047,
00048,
00048,
00048,
00048,
00048,
00051,
00048,
00049,
00048,
00048,
00048,
00048,
00052,
00048,
00048,
00048,
00048,
00048,
00048,
00052,
00048,
00048,
00048,
00048,
00048,
00051,
00048,
00048,
00048,
00048,
00048,
00048,
00048,
00048,
00048,
00048,
00048,
00048,
00051,
00048,
00048,
00048,
00048,
00048,
00048,
00052,
00048,
00048,
00048,
00048,
00048,
00042,
00048,
00048,
00048,
00048,
00048,
00047,
00048,
00048,
00047,
00048,
00049,
00048,
00048,
00048,
00049,
00048,
00047,
00048,
00048,
00047,
00047,
00048,
00048,
00048,
00048,
00048,
00051,
00048,
00048,
00048,
00048,
00048,
00048,
00051,
00048,
00048,
00048,
00048,
00048,
00048,
00051,
00048,
00048,
00048,
00048,
00048,
00048,
00048,
00048,
00048,
00049,
00048,
00048,
00049,
00060,
00994,
00066,
00032,
01014,
00153,
00030,
01016,
00124,
00865,
00059,
00040,
00053,
00953,
00546,
00109,
00061,
00067,
00960,
00127,
00054,
00031,
01008,
00034,
00998,
00032,
00037,
01000,
00031,
00041,
00829,
00031,
00245,
01011,
01008,
00302,
00691,
00820,
00087,
00968,
00627,
00984,
00033,
01005,
00031,
00732,
00243,
00033,
00032,
01009,
00078,
00048,
00031,
00471,
00031,
00102,
00301,
00828,
00036,
00043,
00030,
00049,
00999,
00031,
00035,
00996,
00035,
00370,
00033,
00037,
00038,
01011,
00048,
00040,
00036,
00758,
00457,
00031,
00044,
00276,
00405,
00981,
00031,
00471,
00031,
00315,
00184,
00032,
00033,
00083,
00056,
00032,
00393,
00042,
00337,
00191,
00929,
00038,
00321,
00031,
00860,
00543,
00032,
00033,
00982,
00031,
00748,
00030,
00308,
00815,
00064,
00123,
00304,
00631,
00040,
00036,
00457,
00059,
00528,
00387,
00465,
00044,
00034,
00039,
00925,
00032,
00034,
00967,
00031,
00045,
00971,
01009,
00054,
00854,
00213,
00556,
00055,
00055,
00036,
00834,
00035,
00439,
01006,
00044,
00031,
00033,
00035,
00499,
00042,
00031,
00034,
00035,
01004,
00084,
00886,
00034,
00032,
00046,
00376,
00041,
00949,
01008,
00223,
01012,
00046,
00032,
00032,
00032,
00840,
00060,
00031,
00033,
00087,
00044,
00731,
00963,
00032,
00035,
00031,
00584,
01008,
00044,
00031,
00031,
01005,
01016,
00041,
00031,
00192,
00999,
00033,
00973,
00066,
00737,
00035,
00031,
00394,
00031,
00032,
00038,
01013,
00075,
00031,
00032,
00196,
00033,
00084,
00052,
00050,
00049,
00049,
00048,
00052,
00048,
00048,
00048,
00048,
00048,
00052,
00048,
00048,
00049,
00048,
00049,
00048,
00049,
00048,
00048,
00048,
00049,
00050,
00048,
00048,
00048,
00048,
00048,
00048,
00048,
00052,
00048,
00048,
00048,
00048,
00048,
00048,
00048,
00049,
00048,
00048,
00048,
00048,
00048,
00049,
00048,
00047,
00048,
00049,
00047,
00048,
00048,
00048,
00048,
00049,
00049,
00051,
00048,
00048,
00048,
00048,
00047,
00047,
00051,
00048,
00048,
00047,
00048,
00047,
00048,
00048,
00048,
00048,
00048,
00048,
00056,
00048,
00048,
00048,
00048,
00049,
00048,
00051,
00048,
00048,
00048,
00048,
00048,
00048,
00052,
00048,
00048,
00048,
00048,
00048,
00049,
00048,
00048,
00048,
00048,
00048,
00048,
00052,
00048,
00048,
00048,
00048,
00048,
00049,
00051,
00048,
00048,
00048,
00048,
00048,
00048,
00047,
00048,
00048,
00048,
00050,
00048,
00048,
00048,
00048,
00048,
00048,
00052,
00048,
00048,
00047,
00048,
00048,
00048,
00048,
00048,
00048,
00049,
00048,
00051,
00048,
00048,
00048,
00048,
00048,
00048,
00052,
00048,
00048,
00048,
00048,
00048,
00047,
00049,
00048,
00048,
00048,
00048,
00048,
00051,
00048,
00048,
00048,
00048,
00048,
00052,
00048,
00048,
00048,
00048,
00048,
00048,
00052,
00047,
00048,
00048,
00048,
00048,
00048,
00047,
00048,
00048,
00048,
00048,
00048,
00052,
00048,
00048,
00048,
00048,
00048,
00048,
00052,
00048,
00048,
00048,
00047,
00048,
00051,
00048,
00048,
00048,
00048,
00048,
00048,
00048,
00048,
00048,
00048,
00048,
00048,
00051,
00048,
00048,
00048,
00048,
00048,
00048,
00044,
00948,
01001,
00032,
00197,
00994,
00092,
00186,
01010,
00031,
00033,
00998,
01010,
00128,
00993,
00984,
00572,
00213,
00641,
00991,
01011,
00036,
00031,
00034,
00991,
01014,
00042,
00052,
01016,
00998,
00031,
00034,
00034,
00050,
01009,
01001,
00030,
00031,
00552,
00031,
00034,
01013,
01016,
00037,
00035,
01015,
00962,
00995,
00048,
00909,
00033,
00032,
00995,
00030,
00031,
00044,
00865,
00041,
00031,
01003,
01009,
00077,
00953,
00829,
00032,
00422,
01012,
00117,
00979,
00335,
00030,
00633,
01011,
00242,
00642,
00997,
00997,
00030,
00031,
00049,
00035,
00080,
00989,
00046,
00031,
00037,
00032,
01001,
01001,
00031,
00031,
00037,
00100,
00965,
00118,
00038,
01008,
00125,
00644,
00662,
00031,
00992,
00048,
00031,
00036,
00032,
00295,
00991,
01006,
00129,
00783,
00867,
00860,
00031,
00035,
00035,
00032,
01006,
00416,
00849,
00863,
00034,
00038,
00032,
00748,
01001,
00983,
00050,
01010,
00143,
00031,
01023,
00914,
00032,
00048,
00031,
00207,
01012,
00153,
00032,
00222,
00031,
01023,
01023,
00031,
00032,
00042,
00240,
00521,
00031,
01007,
00031,
00057,
00057,
00710,
00522,
00031,
00993,
00982,
00036,
00775,
00145,
00034,
00993,
00144,
00034,
00052,
00032,
01008,
01000,
00031,
00823,
00043,
00040,
00041,
00040,
00730,
00773,
00993,
00031,
00641,
00032,
00037,
00369,
00090,
00031,
00955,
00031,
00968,
00033,
00041,
00042,
00961,
00826,
00832,
00967,
00037,
00135,
00031,
00034,
00964,
00032,
00974,
00031,
00038,
00121,
00032,
00449,
00940,
00035,
00999,
00032,
00036,
00108,
00034,
01003,
00031,
00974,
00032,
01010,
00031,
00035,
00161,
00036,
01007,
00439,
00994,
00474,
00031,
00034,
00056,
00984,
00486,
00156,
01010,
00031,
00042,
00033,
01023,
00031,
01023,
00031,
01023,
00043,
00054,
00035,
01023,
00031,
01023,
00033,
01023,
00031,
00044,
00479,
00036,
01023,
00036,
01023,
00042,
00031,
00037,
00034,
00896,
00032,
01023,
00030,
00031,
00034,
00167,
00341,
00033,
00987,
00031,
00035,
00035,
00199,
00231,
00031,
00990,
00745,
00031,
00035,
00034,
00993,
00031,
00986,
00031,
00034,
00036,
00037,
00124,
00035,
00999,
00031,
00998,
00033,
00957,
00030,
00036,
00037,
00916,
00895,
00034,
00924,
00036,
00046,
00032,
00586,
00911,
00035,
00089,
00045,
00206,
00073,
00030,
00912,
00034,
00031,
00035,
00038,
00955,
00618,
00942,
00737,
00031,
00037,
00034,
00032,
00992,
01002,
00042,
00129,
00885,
00988,
00060,
00035,
00148,
00787,
00976,
00031,
00031,
00057,
00076,
00481,
00032,
00032,
00036,
00062,
00363,
00991,
00033,
00031,
00042,
00032,
00037,
01023,
01023,
00070,
00360,
01023,
01023,
01023,
00052,
00326,
01023,
01011,
00033,
00032,
00036,
00034,
00035,
01023,
00815,
00032,
00055,
00056,
00033,
00053,
00423,
00052,
00160,
01023,
01007,
00571,
00041,
00412,
00966,
00958,
00474,
00037,
00504,
00951,
00961,
00058,
00268,
00053,
00052,
00049,
00052,
00048,
