00048,
00048,
00048,
00052,
00048,
00048,
00048,
00049,
00049,
00046,
00048,
00048,
00048,
00048,
00048,
00051,
00048,
00048,
00048,
00048,
00048,
00052,
00048,
00048,
00048,
00048,
00048,
00048,
00048,
00048,
00048,
00048,
00051,
00048,
00048,
00048,
00048,
00048,
00051,
00048,
00048,
00048,
00048,
00048,
00053,
00048,
00048,
00048,
00048,
00048,
00048,
00048,
00048,
00048,
00048,
00048,
00048,
00048,
00048,
00048,
00048,
00048,
00048,
00048,
00048,
00048,
00048,
00051,
00048,
00048,
00048,
00048,
00048,
00048,
00048,
00048,
00048,
00048,
00048,
00051,
00048,
00048,
00048,
00048,
00052,
00048,
00048,
00048,
00048,
00048,
00052,
00048,
00048,
00048,
00048,
00048,
00051,
00048,
00048,
00047,
00048,
00048,
00048,
00048,
00048,
00048,
00048,
00052,
00048,
00048,
00048,
00048,
00048,
00048,
00048,
00047,
00048,
00049,
00048,
00052,
00048,
00048,
00048,
00049,
00048,
00050,
00048,
00048,
00048,
00049,
00049,
00055,
00048,
00049,
00048,
00049,
00052,
00048,
00048,
00048,
00048,
00048,
00053,
00048,
00048,
00048,
00048,
00048,
00051,
00048,
00048,
00048,
00048,
00048,
00051,
00048,
00048,
00048,
00048,
00048,
00048,
00048,
00048,
00048,
00048,
00052,
00048,
00048,
00048,
00048,
00048,
00051,
00048,
00048,
00048,
00048,
00048,
00051,
00048,
00048,
00048,
00049,
00048,
00047,
00048,
00048,
00047,
00048,
00052,
00048,
00048,
00048,
00048,
00047,
00048,
00048,
00048,
00048,
00048,
00048,
00051,
00048,
00048,
00048,
00047,
00048,
00048,
00048,
00048,
00048,
00048,
00048,
00048,
00335,
00042,
00630,
00079,
00228,
00848,
00035,
00139,
00258,
00642,
00394,
00047,
00244,
00038,
00049,
00185,
00059,
00327,
00381,
00045,
00037,
00381,
00048,
00091,
00366,
00082,
00038,
00049,
00060,
00047,
00114,
00054,
00075,
00493,
00053,
00056,
00052,
00052,
00337,
00515,
00074,
00098,
00067,
00607,
00230,
00212,
00254,
00252,
00039,
00048,
00139,
00275,
00038,
00349,
00042,
00057,
00626,
00077,
00034,
00063,
00063,
00048,
00442,
00292,
00050,
00486,
00090,
00217,
00058,
00034,
00040,
00042,
00056,
00032,
00065,
00098,
00049,
00150,
00142,
00234,
00174,
00131,
00039,
00041,
00036,
00040,
00177,
00205,
00044,
00039,
00131,
00216,
00154,
00045,
00235,
00042,
00036,
00046,
00114,
00034,
00043,
00498,
00408,
00060,
00138,
00202,
00327,
00126,
00063,
00044,
00041,
00110,
00181,
00048,
00045,
00054,
00054,
00162,
00041,
00260,
00046,
00045,
00063,
00069,
00182,
00040,
00036,
00101,
00194,
00124,
00196,
00050,
00038,
00040,
00076,
00038,
00403,
00100,
00064,
00036,
00089,
00050,
00065,
00068,
00053,
00059,
00038,
00042,
00057,
00038,
00038,
00062,
00172,
00073,
00055,
00203,
00043,
00042,
00043,
00055,
00057,
00033,
00058,
00074,
00042,
00075,
00051,
00066,
00039,
00061,
00165,
00040,
00079,
00079,
00040,
00066,
00110,
00041,
00047,
00038,
00041,
00097,
00035,
00045,
00096,
00053,
00039,
00117,
00040,
00055,
00054,
00045,
00236,
00049,
00051,
00041,
00036,
00081,
00044,
00038,
00041,
00050,
00331,
00042,
00040,
00055,
00249,
00052,
00196,
00042,
00128,
00036,
00051,
00036,
00057,
00043,
00176,
00110,
00045,
00037,
00108,
00112,
00074,
00218,
00069,
00085,
00050,
00041,
00158,
00328,
00042,
00108,
00045,
00164,
00038,
00054,
00041,
00062,
00040,
00054,
00050,
00043,
00047,
00042,
00069,
00048,
00052,
00243,
00042,
00072,
00055,
00046,
00062,
00039,
00038,
00043,
00056,
00041,
00078,
00246,
00198,
00057,
00040,
00078,
00040,
00219,
00082,
00045,
00084,
00207,
00044,
00119,
00035,
00058,
00049,
00068,
00042,
00050,
00064,
00050,
00053,
00065,
00207,
00045,
00062,
00150,
00174,
00060,
00057,
00042,
00040,
00130,
00041,
00044,
00039,
00051,
00067,
00104,
00043,
00042,
00188,
00041,
00074,
00052,
00201,
00045,
00053,
00059,
00158,
00038,
00041,
00042,
00036,
00060,
00054,
00215,
00047,
00047,
00047,
00043,
00055,
00108,
00104,
00042,
00037,
00327,
00095,
00038,
00056,
00058,
00055,
00042,
00069,
00073,
00344,
00221,
00035,
00185,
00152,
00222,
00316,
00217,
00040,
00047,
00046,
00044,
00044,
00269,
00059,
00550,
00041,
00078,
00038,
00429,
00250,
00288,
00658,
00959,
00033,
00646,
00563,
00617,
00652,
00047,
00123,
00317,
00174,
00031,
00794,
00052,
00316,
00754,
00045,
00042,
00134,
00033,
00263,
00577,
00476,
00037,
00157,
00792,
00042,
00662,
00039,
00046,
00031,
01001,
00737,
00506,
00199,
00390,
00039,
00670,
00074,
00046,
00567,
00182,
00581,
00373,
00085,
00041,
00428,
00528,
00040,
00113,
00091,
00509,
00035,
00128,
00068,
00031,
00998,
00098,
00031,
00441,
00068,
00682,
00043,
00986,
00222,
00193,
00221,
00724,
00650,
00031,
00030,
00030,
00925,
00037,
00039,
00033,
00031,
00032,
00067,
00990,
00871,
00298,
00097,
00808,
00225,
00043,
00045,
00203,
00080,
00034,
01010,
00042,
00047,
00030,
01004,
00184,
01010,
00045,
00989,
00928,
00974,
00033,
00043,
00032,
00041,
00895,
00058,
00970,
00158,
00048,
00036,
00036,
00279,
00035,
00302,
00948,
00460,
00031,
00866,
00232,
00198,
00050,
00808,
00933,
00170,
00426,
00179,
00054,
00819,
00032,
00063,
00041,
00816,
00033,
00225,
00042,
00032,
00031,
00036,
00032,
00364,
01009,
00031,
01002,
00311,
00041,
00038,
00938,
00033,
00072,
00446,
00035,
00033,
00464,
01005,
00407,
00991,
00121,
00126,
00036,
00454,
00041,
00038,
00576,
00132,
00854,
00038,
00036,
00039,
00036,
00120,
00052,
00313,
00039,
00753,
00993,
00032,
00039,
00033,
00057,
00041,
00724,
00089,
00297,
00993,
00034,
00039,
00031,
00033,
00043,
00074,
00350,
00504,
00342,
00089,
00155,
00040,
00047,
00056,
00572,
00033,
00334,
00033,
00711,
00038,
00677,
00369,
00937,
00205,
00985,
00549,
00580,
00725,
00248,
01006,
00868,
00048,
00692,
00611,
00040,
00099,
00033,
01001,
00321,
00040,
00522,
00509,
00864,
00036,
00078,
00039,
00032,
00083,
00450,
00522,
00992,
00060,
00035,
00321,
00035,
00042,
00040,
00647,
00048,
00031,
00915,
00068,
00787,
00032,
00228,
00041,
00969,
00134,
00350,
00033,
00969,
00086,
00035,
00045,
00437,
00038,
00038,
00071,
00812,
00034,
00084,
00046,
00665,
00033,
01011,
00983,
00378,
00764,
00035,
00569,
00042,
00405,
00682,
00231,
00032,
00224,
01017,
00034,
00229,
00599,
00921,
00532,
00151,
00246,
00035,
00038,
00070,
00036,
00161,
00038,
00347,
00995,
00241,
00737,
01012,
00044,
00041,
00030,
00233,
00054,
00077,
00373,
00032,
00211,
00198,
00093,
00053,
00946,
00031,
00961,
00938,
00240,
00031,
00056,
00945,
01007,
00122,
00873,
01005,
01010,
01009,
00033,
00107,
00036,
00330,
01008,
00040,
01005,
00029,
00038,
00030,
00031,
00035,
00161,
00030,
00033,
00323,
00035,
00031,
00035,
00738,
01006,
00598,
00032,
00030,
00038,
00030,
00034,
00056,
00041,
01014,
00030,
00034,
00068,
00032,
00031,
01016,
00030,
01009,
01017,
00030,
00183,
00541,
01013,
01014,
01007,
00034,
00030,
01000,
00031,
00521,
00064,
01009,
00987,
00030,
00585,
00862,
01005,
01013,
00030,
00274,
00066,
00032,
00099,
00030,
00030,
00201,
00033,
01018,
00035,
01020,
01020,
00046,
00030,
00032,
00054,
00030,
00916,
00030,
01014,
00030,
00036,
00049,
00035,
00030,
00030,
00043,
00038,
01011,
00449,
00941,
00033,
00399,
00918,
00031,
00041,
00031,
00045,
01002,
01014,
00508,
01014,
00033,
00032,
00998,
01012,
00030,
00046,
00800,
00817,
01012,
00036,
01012,
00036,
00314,
00691,
01010,
00032,
00030,
00030,
00030,
00030,
00057,
00252,
00034,
01011,
00030,
00979,
00031,
01005,
00039,
00030,
00030,
00659,
00230,
00033,
00026,
00056,
00030,
00978,
00030,
00496,
00986,
00843,
00157,
00033,
00030,
01014,
00031,
00165,
00056,
00038,
01017,
01016,
01014,
00036,
00674,
00350,
00039,
00892,
01014,
00652,
00031,
00036,
01007,
00032,
00032,
00035,
00032,
01014,
00114,
01018,
01018,
00996,
00255,
01017,
00031,
00043,
01014,
00034,
00713,
01017,
01008,
01017
