00848,
00848,
00848,
00848,
00848,
00848,
00848,
00848,
00848,
00847,
00847,
00848,
00848,
00848,
00848,
00848,
00848,
00847,
00848,
00848,
00848,
00848,
00848,
00847,
00848,
00848,
00848,
00848,
00848,
00848,
00847,
00848,
00848,
00848,
00848,
00848,
00848,
00848,
00848,
00848,
00848,
00848,
00848,
00847,
00848,
00848,
00848,
00848,
00848,
00847,
00848,
00848,
00848,
00848,
00848,
00848,
00847,
00845,
00848,
00848,
00848,
00849,
00848,
00848,
00848,
00848,
00849,
00848,
00848,
00848,
00847,
00849,
00849,
00849,
00849,
00849,
00849,
00849,
00849,
00850,
00850,
00850,
00850,
00851,
00851,
00851,
00851,
00851,
00852,
00851,
00852,
00852,
00852,
00852,
00852,
00853,
00852,
00853,
00853,
00853,
00853,
00853,
00853,
00853,
00854,
00854,
00854,
00854,
00854,
00854,
00854,
00854,
00855,
00855,
00855,
00855,
00855,
00855,
00855,
00856,
00855,
00856,
00856,
00856,
00856,
00856,
00856,
00856,
00856,
00857,
00857,
00857,
00857,
00857,
00857,
00857,
00857,
00857,
00857,
00858,
00858,
00858,
00857,
00858,
00858,
00858,
00858,
00858,
00858,
00859,
00859,
00859,
00859,
00859,
00859,
00859,
00859,
00859,
00859,
00859,
00860,
00860,
00860,
00860,
00860,
00860,
00860,
00860,
00860,
00860,
00860,
00860,
00860,
00861,
00861,
00861,
00861,
00861,
00861,
00861,
00861,
00861,
00861,
00861,
00862,
00862,
00862,
00862,
00861,
00862,
00862,
00862,
00862,
00862,
00862,
00862,
00862,
00862,
00863,
00863,
00863,
00862,
00863,
00863,
00863,
00863,
00863,
00863,
00863,
00863,
00863,
00863,
00863,
00863,
00863,
00864,
00864,
00864,
00864,
00864,
00864,
00864,
00864,
00864,
00864,
00864,
00864,
00864,
00864,
00864,
00864,
00864,
00865,
00865,
00864,
00864,
00865,
00865,
00865,
00865,
00865,
00865,
00865,
00865,
00865,
00865,
00865,
00865,
00865,
00865,
00866,
00865,
00866,
00866,
00865,
00866,
00866,
00866,
00866,
00866,
00866,
00866,
00866,
00866,
00866,
00866,
00866,
00866,
00866,
00866,
00866,
00866,
00867,
00866,
00867,
00867,
00867,
00867,
00867,
00867,
00866,
00867,
00867,
00867,
00867,
00867,
00866,
00867,
00867,
00867,
00867,
00867,
00867,
00868,
00867,
00867,
00868,
00868,
00868,
00867,
00868,
00868,
00868,
00868,
00868,
00868,
00868,
00868,
00868,
00868,
00868,
00868,
00868,
00868,
00868,
00868,
00868,
00868,
00869,
00868,
00869,
00869,
00868,
00868,
00869,
00869,
00869,
00868,
00869,
00869,
00869,
00869,
00868,
00869,
00869,
00869,
00869,
00869,
00869,
00869,
00870,
00869,
00869,
00870,
00869,
00869,
00869,
00869,
00869,
00869,
00869,
00869,
00869,
00869,
00869,
00870,
00869,
00870,
00869,
00869,
00870,
00869,
00870,
00870,
00870,
00869,
00870,
00870,
00870,
00870,
00870,
00870,
00870,
00870,
00870,
00870,
00870,
00870,
00870,
00870,
00870,
00870,
00870,
00871,
00870,
00870,
00870,
00871,
00870,
00870,
00870,
00871,
00871,
00871,
00871,
00871,
00871,
00871,
00870,
00871,
00871,
00871,
00871,
00871,
00871,
00871,
00871,
00871,
00871,
00871,
00871,
00871,
00871,
00871,
00871,
00871,
00871,
00871,
00871,
00871,
00871,
00871,
00871,
00871,
00871,
00872,
00871,
00871,
00871,
00871,
00871,
00871,
00871,
00871,
00871,
00872,
00872,
00871,
00872,
00872,
00872,
00872,
00872,
00871,
00871,
00872,
00872,
00872,
00872,
00872,
00872,
00872,
00872,
00872,
00872,
00872,
00872,
00872,
00872,
00872,
00872,
00872,
00872,
00872,
00872,
00872,
00872,
00872,
00872,
00872,
00872,
00872,
00872,
00872,
00872,
00872,
00872,
00872,
00872,
00872,
00872,
00872,
00872,
00872,
00873,
00872,
00872,
00872,
00872,
00873,
00873,
00872,
00873,
00872,
00872,
00873,
00872,
00873,
00873,
00873,
00873,
00873,
00873,
00872,
00873,
00873,
00873,
00873,
00873,
00873,
00872,
00873,
00873,
00873,
00873,
00873,
00873,
00873,
00873,
00873,
00873,
00873,
00873,
00873,
00873,
00873,
00873,
00873,
00873,
00873,
00873,
00873,
00873,
00873,
00873,
00873,
00872,
00873,
00873,
00873,
00873,
00873,
00873,
00873,
00873,
00873,
00873,
00873,
00873,
00873,
00873,
00873,
00873,
00873,
00873,
00873,
00873,
00873,
00873,
00873,
00873,
00873,
00873,
00873,
00873,
00873,
00873,
00873,
00873,
00873,
00873,
00873,
00873,
00873,
00873,
00873,
00873,
00873,
00873,
00873,
00873,
00873,
00873,
00873,
00873,
00873,
00873,
00873,
00873,
00873,
00873,
00873,
00873,
00873,
00873,
00873,
00873,
00873,
00873,
00873,
00873,
00873,
00873,
00873,
00873,
00873,
00869,
00871,
00872,
00872,
00872,
00872,
00872,
00872,
00872,
00872,
00872,
00872,
00872,
00872,
00872,
00872,
00872,
00872,
00872,
00872,
00872,
00872,
00872,
00872,
00872,
00872,
00872,
00872,
00877,
00873,
00872,
00883,
00873,
00872,
00872,
00871,
00872,
00872,
00872,
00872,
00872,
00871,
00872,
00871,
00871,
00871,
00871,
00871,
00871,
00871,
00871,
00871,
00871,
00871,
00871,
00871,
00871,
00871,
00871,
00871,
00871,
00871,
00871,
00871,
00871,
00871,
00871,
00871,
00871,
00871,
00871,
00871,
00871,
00871,
00871,
00871,
00871,
00871,
00871,
00871,
00871,
00871,
00871,
00871,
00871,
00871,
00871,
00870,
00870,
00870,
00870,
00870,
00870,
00870,
00870,
00870,
00870,
00870,
00870,
00870,
00870,
00870,
00870,
00870,
00870,
00870,
00870,
00870,
00870,
00870,
00870,
00870,
00870,
00871,
00870,
00870,
00870,
00870,
00870,
00870,
00869,
00870,
00870,
00870,
00870,
00870,
00870,
00870,
00870,
00870,
00870,
00870,
00870,
00869,
00870,
00869,
00869,
00869,
00869,
00869,
00869,
00869,
00869,
00869,
00869,
00869,
00869,
00869,
00869,
00869,
00869,
00869,
00869,
00869,
00869,
00869,
00869,
00869,
00869,
00869,
00869,
00869,
00869,
00869,
00869,
00869,
00868,
00869,
00869,
00869,
00869,
00869,
00868,
00869,
00869,
00869,
00869,
00869,
00869,
00868,
00869,
00869,
00869,
00868,
00868,
00868,
00869,
00868,
00868,
00868,
00868,
00868,
00868,
00868,
00868,
00868,
00868,
00868,
00872,
00867,
00868,
00868,
00868,
00868,
00868,
00867,
00868,
00868,
00868,
00868,
00868,
00868,
00868,
00868,
00868,
00868,
00868,
00868,
00867,
00868,
00868,
00868,
00868,
00868,
00868,
00867,
00868,
00868,
00868,
00868,
00868,
00867,
00868,
00868,
00868,
00867,
00867,
00867,
00862,
00867,
00867,
00867,
00867,
00867,
00867,
00868,
00867,
00867,
00867,
00867,
00867,
00867,
00867,
00867,
00867,
00867,
00867,
00867,
00867,
00867,
00867,
00867,
00867,
00867,
00867,
00867,
00867,
00867,
00867,
00867,
00866,
00867,
00867,
00867,
00867,
00867,
00867,
00866,
00867,
00867,
00867,
00867,
00867,
00866,
00867,
00867,
00867,
00867,
00867,
00867,
00867,
00867,
00867,
00867,
00866,
00866,
00866,
00866,
00866,
00866,
00866,
00866,
00866,
00866,
00866,
00866,
00866,
00866,
00866,
00866,
00866,
00866,
00866,
00866,
00866,
00866,
00866,
00866,
00866,
00866,
00866,
00866,
00866,
00866,
00866,
00866,
00866,
00866,
00866,
00866,
00866,
00866,
00866,
00866,
00866,
00866,
00866,
00866,
00866,
00866,
00866,
00866,
00866,
00866,
00866,
00866,
00866,
00866,
00866,
00866,
00866,
00866,
00866,
00866,
00865,
00867,
00866,
00865,
00865,
00865,
00865,
00865,
00865,
00865,
00865,
00865,
00865,
00865,
00865,
00865,
00865,
00865,
00865,
00865,
00865,
00865,
00865,
00865,
00865,
00865,
00865,
00865,
00865,
00865,
00865,
00865,
00865,
00865,
00865,
00865,
00865,
00865,
00865,
00865,
00865,
00865,
00865,
00865,
00865,
00865,
00865,
00864,
00865,
00865,
00865,
00865,
00865,
00865,
00864,
00865,
00865,
00865,
00865,
00865,
00864,
00865,
00865,
00865,
00865,
00865,
00864,
00864,
00864,
00865,
00865,
00864,
00864,
00864,
00865,
00864,
00864,
00864,
00864,
00864,
00864,
00864,
00864,
00864,
00864,
00864,
00866,
00864,
00864,
00864,
00864,
00864,
00864,
00864,
00864,
00864,
00864,
00864,
00864,
00864,
00864,
00864,
00864,
00864,
00864,
00864,
00864,
00864,
00864,
00864,
00864,
00864,
00864,
00864,
00864,
00864,
00864,
00864,
00864,
00864,
00864,
00864,
00864,
00864,
00864,
00864,
00864,
00864,
00864,
00864,
00864,
00864,
00863,
00864,
00864,
00864,
00864,
00864,
00864,
00863,
00864,
00864,
00864,
00864,
00864,
00863,
00863,
00863,
00863,
00863,
00863,
00863,
00863,
00863,
00863,
00863