01022,
01023,
01022,
01022,
01022,
01023,
01021,
01021,
01022,
01022,
01022,
01021,
01023,
01021,
01021,
01022,
01022,
01023,
01021,
01022,
01023,
01022,
01022,
01022,
01023,
01021,
01021,
01023,
01022,
01022,
01021,
01023,
01021,
01016,
01022,
01022,
01023,
01021,
01022,
01021,
01022,
01022,
01022,
01022,
01021,
01021,
01023,
01022,
01022,
01021,
01022,
01021,
01021,
01023,
01022,
01022,
01021,
01022,
01021,
01023,
01022,
01022,
01022,
01021,
01021,
01021,
01023,
01022,
01022,
01022,
01021,
01021,
01023,
01022,
01023,
01021,
01022,
01021,
01021,
01023,
01022,
01023,
01022,
01021,
01021,
01023,
01022,
01022,
01023,
01021,
01021,
01021,
01023,
01023,
01022,
01022,
01021,
01021,
01023,
01022,
01023,
01022,
01022,
01021,
01021,
01023,
01022,
01023,
01022,
01022,
01021,
01023,
01023,
01022,
01022,
01021,
01021,
01021,
01023,
01023,
01022,
01022,
01021,
01021,
01023,
01022,
01023,
01022,
01022,
01021,
01021,
01023,
01022,
01022,
01021,
01021,
01021,
01023,
01023,
01022,
01022,
01021,
01021,
01021,
01023,
01022,
01022,
01021,
01021,
01021,
01022,
01022,
01022,
01021,
01021,
01021,
01021,
01022,
01022,
01021,
01021,
01021,
01021,
01023,
01022,
01021,
01021,
01021,
01021,
01022,
01023,
01022,
01021,
01021,
01021,
01021,
01023,
01022,
01022,
01022,
01021,
01021,
01021,
01023,
01022,
01022,
01022,
01021,
01023,
01023,
01022,
01022,
01022,
01021,
01021,
01023,
01023,
01022,
01022,
01022,
01022,
01021,
01023,
01022,
01022,
01022,
01022,
01023,
01021,
01023,
01022,
01022,
01022,
01021,
01023,
01023,
01022,
01022,
01022,
01022,
01021,
01023,
01022,
01022,
01022,
01022,
01023,
01021,
01023,
01022,
01022,
01022,
01022,
01023,
01021,
01023,
01022,
01022,
01022,
01021,
01023,
01023,
01022,
01022,
01022,
01023,
01021,
01022,
01023,
01022,
01022,
01021,
01022,
01021,
01021,
01022,
01022,
01022,
01021,
01022,
01021,
01023,
01022,
01021,
01022,
01021,
01022,
01023,
00337,
00243,
00236,
00240,
00241,
00242,
00247,
00241,
00242,
00241,
00240,
00238,
00237,
00236,
00236,
00235,
00235,
00234,
00234,
00238,
00230,
00228,
00224,
00223,
00221,
00222,
00225,
00227,
00228,
00229,
00232,
00234,
00244,
00244,
00247,
00252,
00257,
00264,
00273,
00275,
00286,
00294,
00310,
00324,
00334,
00345,
00245,
00231,
00229,
00230,
00232,
00231,
00234,
00237,
00239,
00240,
00242,
00246,
00255,
00249,
00247,
00240,
00233,
00226,
00222,
00219,
00217,
00218,
00219,
00223,
00226,
00235,
00232,
00233,
00230,
00229,
00232,
00233,
00235,
00239,
00241,
00240,
00242,
00247,
00256,
00256,
00259,
00264,
00269,
00268,
00264,
00261,
00258,
00256,
00255,
00250,
00249,
00253,
00247,
00248,
00248,
00248,
00249,
00248,
00246,
00245,
00247,
00248,
00248,
00248,
00251,
00243,
00238,
00234,
00231,
00229,
00229,
00231,
00231,
00232,
00232,
00234,
00235,
00242,
00239,
00239,
00241,
00243,
00243,
00245,
00246,
00246,
00248,
00251,
00253,
00255,
00258,
00263,
00264,
00267,
00269,
00272,
00273,
00275,
00279,
00282,
00285,
00285,
00284,
00287,
00279,
00274,
00270,
00264,
00259,
00256,
00255,
00257,
00256,
00257,
00257,
00257,
00258,
00259,
00255,
00250,
00241,
00237,
00237,
00240,
00242,
00246,
00248,
00252,
00255,
00262,
00256,
00262,
00267,
00274,
00279,
00289,
00297,
00313,
00321,
00337,
00350,
00354,
00358,
00364,
00372,
00379,
00384,
00389,
00393,
00396,
00394,
00394,
00396,
00398,
00399,
00406,
00405,
00407,
00409,
00411,
00413,
00416,
00418,
00420,
00422,
00424,
00427,
00428,
00430,
00432,
00435,
00436,
00438,
00441,
00442,
00454,
00450,
00451,
00452,
00452,
00453,
00458,
00454,
00456,
00457,
00458,
00458,
00460,
00460,
00461,
00462,
00463,
00464,
00464,
00470,
00466,
00467,
00467,
00468,
00469,
00468,
00490,
00470,
00471,
00471,
00471,
00472,
00477,
00473,
00473,
00474,
00474,
00474,
00474,
00476,
00476,
00476,
00476,
00477,
00477,
00482,
00478,
00478,
00478,
00478,
00479,
00483,
00479,
00480,
00480,
00480,
00480,
00480,
00486,
00481,
00481,
00482,
00482,
00482,
00482,
00483,
00484,
00484,
00484,
00485,
00485,
00491,
00487,
00488,
00489,
00489,
00489,
00489,
00491,
00492,
00493,
00493,
00493,
00493,
00500,
00495,
00496,
00496,
00497,
00497,
00498,
00500,
00501,
00503,
00503,
00504,
00505,
00511,
00507,
00508,
00509,
00509,
00509,
00515,
00511,
00512,
00512,
00512,
00513,
00513,
00519,
00514,
00515,
00515,
00516,
00516,
00516,
00517,
00517,
00448,
00273,
00251,
00259,
00271,
00273,
00279,
00285,
00290,
00291,
00290,
00290,
00289,
00290,
00290,
00289,
00287,
00290,
00281,
00278,
00277,
00277,
00278,
00280,
00285,
00287,
00289,
00291,
00293,
00292,
00293,
00287,
00284,
00279,
00276,
00274,
00274,
00276,
00277,
00283,
00288,
00294,
00298,
00299,
00297,
00293,
00291,
00290,
00290,
00291,
00293,
00294,
00297,
00298,
00299,
00299,
00304,
00299,
00300,
00299,
00299,
00300,
00300,
00298,
00296,
00290,
00287,
00280,
00276,
00270,
00264,
00260,
00257,
00254,
00254,
00255,
00258,
00259,
00260,
00261,
00260,
00258,
00260,
00250,
00242,
00234,
00225,
00219,
00217,
00218,
00218,
00219,
00220,
00221,
00220,
00220,
00220,
00220,
00221,
00222,
00224,
00225,
00225,
00227,
00231,
00236,
00241,
00252,
00266,
00275,
00289,
00300,
00314,
00326,
00335,
00342,
00349,
00337,
00335,
00339,
00343,
00347,
00350,
00352,
00355,
00361,
00368,
00371,
00379,
00378,
00381,
00384,
00387,
00391,
00398,
00395,
00396,
00397,
00398,
00398,
00400,
00400,
00401,
00402,
00403,
00403,
00403,
00409,
00405,
00406,
00407,
00407,
00408,
00408,
00414,
00410,
00411,
00411,
00412,
00413,
00418,
00415,
00416,
00417,
00417,
00418,
00418,
00420,
00421,
00422,
00423,
00424,
00424,
00430,
00426,
00426,
00427,
00427,
00427,
00426,
00433,
00428,
00428,
00428,
00428,
00428,
00433,
00429,
00429,
00429,
00429,
00429,
00429,
00429,
00429,
00429,
00429,
00430,
00429,
00434,
00430,
00430,
00430,
00430,
00430,
00429,
00435,
00430,
00430,
00430,
00430,
00430,
00435,
00430,
00430,
00430,
00430,
00430,
00429,
00446,
00430,
00430,
00430,
00430,
00430,
00435,
00430,
00430,
00430,
00430,
00430,
00429,
00435,
00430,
00430,
00430,
00430,
00429,
00435,
00429,
00263,
00227,
00207,
00199,
00198,
00203,
00196,
00194,
00192,
00191,
00190,
00194,
00189,
00191,
00193,
00196,
00200,
00203,
00209,
00206,
00209,
00211,
00213,
00215,
00224,
00215,
00217,
00218,
00220,
00221,
00223,
00229,
00226,
00228,
00229,
00232,
00238,
00246,
00244,
00247,
00250,
00253,
00255,
00255,
00256,
00243,
00229,
00220,
00211,
00208,
00211,
00207,
00208,
00209,
00209,
00209,
00211,
00212,
00214,
00214,
00215,
00216,
00218,
00226,
00224,
00226,
00225,
00227,
00227,
00228,
00234,
00232,
00235,
00238,
00242,
00244,
00248,
00252,
00255,
00259,
00265,
00270,
00283,
00294,
00302,
00311,
00324,
00334,
00342,
00353,
00355,
00360,
00364,
00367,
00369,
00374,
00381,
00381,
00385,
00388,
00391,
00393,
00398,
00402,
00404,
00406,
00407,
00408,
00409,
00412,
00414,
00415,
00416,
00417,
00418,
00424,
00421,
00422,
00424,
00425,
00426,
00428,
00435,
00431,
00433,
00434,
00434,
00435,
00436,
00436,
00436,
00437,
00437,
00437,
00437,
00438,
00439,
00439,
00439,
00439,
00440,
00444,
00440,
00440,
00439,
00439,
00439,
00439,
00445,
00439,
00439,
00439,
00439,
00439,
00439,
00439,
00439,
00439,
00439,
00439,
00438,
00444,
00439,
00439,
00439,
00439,
00439,
00443,
00439,
00439,
00438,
00439,
00438,
00438,
00443,
00438,
00438,
00438,
00438,
00437,
00437,
00438,
00438,
00438,
00437,
00437,
00437,
00442
