01023,
01023,
01022,
01021,
01021,
01021,
01022,
01022,
01022,
01021,
01021,
01021,
01021,
01023,
01022,
01022,
01021,
01021,
01021,
01023,
01022,
01021,
01021,
01021,
01021,
01022,
01022,
01022,
01021,
01021,
01021,
01020,
01022,
01021,
01021,
01021,
01021,
01021,
01020,
01022,
01021,
01021,
01021,
01021,
01022,
01023,
01022,
01021,
01021,
01021,
01021,
01022,
01022,
01021,
01021,
01021,
01021,
01021,
01022,
01022,
01021,
01021,
01021,
01022,
01014,
01022,
01022,
01021,
01021,
01021,
01023,
01023,
01022,
01022,
01021,
01021,
01021,
01023,
01022,
01022,
01022,
01021,
01023,
01021,
01023,
01022,
00791,
00772,
00773,
00770,
00772,
00765,
00761,
00761,
00758,
00759,
00759,
00763,
00758,
00756,
00755,
00754,
00752,
00751,
00749,
00748,
00746,
00745,
00744,
00742,
00746,
00741,
00740,
00739,
00738,
00738,
00742,
00737,
00737,
00736,
00736,
00735,
00735,
00740,
00734,
00733,
00733,
00733,
00731,
00736,
00731,
00731,
00730,
00729,
00730,
00728,
00733,
00728,
00727,
00727,
00726,
00727,
00730,
00726,
00725,
00724,
00725,
00723,
00722,
00729,
00723,
00722,
00722,
00722,
00720,
00725,
00721,
00720,
00720,
00719,
00720,
00718,
00724,
00718,
00718,
00718,
00717,
00716,
00721,
00716,
00716,
00715,
00715,
00714,
00713,
00714,
00714,
00714,
00713,
00713,
00712,
00717,
00712,
00712,
00712,
00711,
00710,
00709,
00715,
00710,
00709,
00709,
00708,
00708,
00713,
00708,
00708,
00707,
00707,
00706,
00706,
00706,
00706,
00706,
00705,
00705,
00704,
00709,
00704,
00704,
00704,
00703,
00703,
00702,
00703,
00703,
00702,
00702,
00701,
00701,
00705,
00701,
00701,
00700,
00700,
00699,
00699,
00700,
00699,
00700,
00699,
00698,
00698,
00703,
00698,
00698,
00698,
00697,
00697,
00701,
00697,
00697,
00696,
00696,
00696,
00695,
00642,
00634,
00634,
00632,
00631,
00631,
00630,
00631,
00630,
00631,
00630,
00629,
00629,
00635,
00631,
00631,
00631,
00631,
00631,
00636,
00632,
00632,
00632,
00631,
00631,
00630,
00636,
00631,
00630,
00630,
00629,
00629,
00633,
00629,
00629,
00628,
00628,
00627,
00627,
00633,
00628,
00627,
00627,
00626,
00626,
00631,
00626,
00626,
00626,
00625,
00625,
00625,
00626,
00625,
00625,
00625,
00624,
00624,
00629,
00625,
00624,
00624,
00624,
00623,
00623,
00629,
00624,
00623,
00623,
00623,
00622,
00623,
00623,
00623,
00623,
00622,
00622,
00621,
00623,
00622,
00622,
00622,
00622,
00621,
00626,
00622,
00622,
00621,
00621,
00621,
00621,
00626,
00621,
00621,
00621,
00620,
00620,
00621,
00621,
00620,
00620,
00620,
00620,
00619,
00620,
00620,
00620,
00620,
00619,
00620,
00624,
00620,
00619,
00619,
00619,
00619,
00619,
00619,
00619,
00619,
00619,
00619,
00618,
00619,
00565,
00570,
00574,
00569,
00569,
00568,
00566,
00566,
00566,
00564,
00564,
00565,
00568,
00564,
00564,
00563,
00563,
00562,
00563,
00563,
00563,
00563,
00563,
00564,
00564,
00565,
00566,
00566,
00566,
00566,
00567,
00566,
00587,
00566,
00566,
00566,
00565,
00566,
00570,
00565,
00563,
00562,
00562,
00561,
00561,
00561,
00560,
00560,
00560,
00560,
00559,
00564,
00559,
00558,
00558,
00558,
00558,
00562,
00557,
00557,
00557,
00557,
00556,
00556,
00561,
00556,
00556,
00556,
00556,
00555,
00554,
00555,
00555,
00555,
00555,
00555,
00554,
00560,
00554,
00554,
00554,
00554,
00554,
00558,
00554,
00553,
00553,
00553,
00552,
00552,
00558,
00552,
00552,
00552,
00552,
00551,
00556,
00552,
00551,
00551,
00551,
00551,
00550,
00556,
00551,
00550,
00551,
00550,
00550,
00555,
00550,
00550,
00549,
00499,
00501,
00500,
00505,
00499,
00501,
00500,
00498,
00498,
00503,
00498,
00498,
00498,
00498,
00497,
00496,
00502,
00497,
00496,
00497,
00496,
00496,
00501,
00497,
00497,
00497,
00497,
00497,
00497,
00499,
00499,
00500,
00500,
00500,
00500,
00505,
00501,
00501,
00501,
00501,
00501,
00500,
00507,
00501,
00501,
00502,
00501,
00501,
00506,
00501,
00501,
00501,
00501,
00501,
00500,
00501,
00501,
00501,
00501,
00501,
00500,
00505,
00501,
00501,
00501,
00501,
00500,
00500,
00506,
00501,
00500,
00500,
00500,
00499,
00505,
00500,
00500,
00500,
00500,
00499,
00499,
00500,
00500,
00500,
00499,
00499,
00499,
00504,
00499,
00499,
00499,
00499,
00498,
00498,
00499,
00499,
00498,
00498,
00498,
00497,
00498,
00498,
00498,
00498,
00498,
00497,
00497,
00498,
00498,
00498,
00497,
00497,
00497,
00502,
00497,
00478,
00477,
00479,
00478,
00479,
00478,
00478,
00478,
00477,
00477,
00476,
00476,
00476,
00476,
00476,
00475,
00475,
00470,
00475,
00475,
00474,
00474,
00474,
00474,
00479,
00474,
00473,
00473,
00473,
00473,
00473,
00473,
00473,
00473,
00473,
00472,
00472,
00473,
00473,
00473,
00473,
00473,
00474,
00478,
00474,
00474,
00474,
00474,
00474,
00475,
00480,
00475,
00475,
00475,
00475,
00474,
00475,
00475,
00475,
00475,
00475,
00475,
00474,
00475,
00475,
00475,
00475,
00475,
00475,
00479,
00475,
00475,
00475,
00474,
00474,
00474,
00480,
00474,
00474,
00474,
00474,
00474,
00474,
00474,
00474,
00458,
00459,
00459,
00458,
00463,
00458,
00458,
00457,
00457,
00457,
00461,
00457,
00456,
00456,
00456,
00455,
00456,
00461,
00456,
00455,
00455,
00455,
00455,
00460,
00455,
00455,
00455,
00455,
00455,
00455,
00460,
00456,
00456,
00456,
00456,
00456,
00461,
00456,
00456,
00456,
00456,
00456,
00455,
00456,
00456,
00456,
00456,
00456,
00456,
00461,
00456,
00457,
00456,
00457,
00456,
00456,
00461,
00457,
00456,
00457,
00456,
00456,
00461,
00456,
00456,
00455,
00456,
00455,
00455,
00456,
00455,
00456,
00455,
00455,
00455,
00460,
00455,
00455,
00455,
00455,
00455,
00454,
00455,
00455,
00455,
00455,
00455,
00454,
00460,
00455,
00455,
00455,
00455,
00454,
00454,
00455,
00455,
00455,
00454,
00454,
00454,
00459,
00455,
00454,
00454,
00454,
00454,
00453,
00454,
00454,
00454,
00454,
00454,
00453,
00459,
00454,
00454,
00454,
00454,
00454,
00453,
00454,
00454,
00454,
00454,
00453,
00453,
00458,
00454,
00453,
00454,
00453,
00453,
00458,
00453,
00453,
00453,
00453,
00453,
00452,
00458,
00453,
00453,
00453,
00453,
00452,
00452,
00453,
00453,
00453,
00452,
00452,
00452,
00458,
00452,
00452,
00452,
00452,
00452,
00457,
00452,
00452,
00452,
00452,
00452,
00451,
00457,
00452,
00452,
00452,
00452,
00451,
00446,
00452,
00452,
00452,
00451,
00451,
00451,
00457,
00451,
00451,
00451,
00451,
00451,
00456,
00451,
00451,
00451,
00451,
00451,
00451,
00451,
00451,
00451,
00451,
00451,
00451,
00455,
00451,
00451,
00451,
00451,
00451,
00450,
00456,
00451,
00451,
00451,
00451,
00450,
00451,
00451,
00357,
00329,
00318,
00316,
00312,
00310,
00308,
00307,
00305,
00302,
00299,
00287,
00280,
00280,
00279,
00278,
00278,
00278,
00284,
00278,
00278,
00279,
00278,
00278,
00278,
00279,
00279,
00279,
00279,
00280,
00280,
00280,
00280,
00280,
00280,
00280,
00281,
00288,
00281,
00281,
00282,
00282,
00282,
00282,
00288,
00283,
00283,
00283,
00283,
00283,
00283,
00284,
00284,
00284,
00284,
00285,
00284,
00285,
00285,
00285,
00286,
00286,
00286,
00291,
00287,
00287,
00287,
00287,
00287,
00288,
00288,
00288,
00288,
00282,
00279,
00280,
00280,
00278,
00278,
00279,
00280,
00280,
00279,
00285,
00280,
00281,
00281,
00281,
00282,
00287,
00282,
00282,
00282,
00282,
00282,
00282,
00283,
00283,
00283,
00283,
00284,
00284,
00289,
00284,
00284,
00284,
00285,
00285,
00285,
00291,
00286,
00286,
00286,
00287,
00287,
00292,
00287,
00287,
00288,
00288,
00288,
00288,
00289,
00289,
00289,
00289,
00290,
00290,
00295,
00290,
00291,
00291,
00291,
00291,
00291,
00292,
00292,
00292,
00293,
00293,
00293,
00299,
00294,
00294,
00294,
00294,
00295,
00295,
00295,
00295,
00296,
00296,
00296,
00296,
00301,
00297,
00297,
00297,
00297,
00297,
00303,
00298,
00298,
00298,
00298,
00299,
00299,
00304,
00299,
00299,
00300,
00300,
00300,
00300,
00300,
00300,
00301,
00301,
00301,
00301,
00306,
00301,
00302,
00302,
00302,
00302,
00307,
00302,
00302,
00303,
00303,
00303,
00303,
00308,
00303,
00304,
00304,
00304,
00304,
00302,
00303,
00304,
00304,
00304,
00304,
00304,
00310,
00305,
00305,
00305,
00305,
00305,
00310,
00305,
00306,
00306,
00306,
00306,
00306,
00311,
00306,
00306,
00306,
00306,
00306,
00312,
00307,
00307,
00307,
00307,
00307,
00307,
00312,
00308,
00307,
00307,
00308,
00308,
00313,
00308,
00308